nt_seq aa_seq Nham_nt Nham_aa Nmut_codons WT indel STOP STOP_readthrough count_e1_s0 count_e2_s0 count_e3_s0 count_e1_s1 count_e2_s1 count_e3_s1 mean_count fitness1_uncorr fitness2_uncorr fitness3_uncorr sigma1_uncorr sigma2_uncorr sigma3_uncorr fitness sigma
ctaatactgtcactaagagatcca LILSLRDP 0 0 0 TRUE FALSE FALSE FALSE 4809 3621 6934 12813 12813 12813 5121.33333333333 0.0251848231318252 0.00756244607233669 0.0083749817058637 0.00855134231819847 0.0277804998496001 0.0144524025888616 0.019956019548765 0.00711415047659766
ctaatactgtcactaagagatccg LILSLRDP 1 0 1 NA FALSE FALSE FALSE 304 100 218 243 243 243 207.333333333333 -0.258217520643343 -0.0474230677091524 -0.117686258186674 0.0272970223001132 0.0826257387487716 0.0265842493029743 -0.179097527755371 0.0185582991989881
ctaatactgtcactgagagatcca LILSLRDP 1 0 1 NA FALSE FALSE FALSE 19 22 27 72 72 72 22.6666666666667 0.108104569707329 -0.00386226188597528 0.0998565352600526 0.092004953188516 0.147974947298306 0.0564409394539983 0.0919808156117942 0.0457524064909622
ctaatactgtctctaagagatcca LILSLRDP 1 0 1 NA FALSE FALSE FALSE 6969 5423 9554 16852 16852 16852 7315.33333333333 0.00235762096869767 -0.011441556849384 -0.00322563401352511 0.007919138030835 0.0272413533276834 0.0143335951766791 0.000292221122524685 0.00671752687863225
ctaatattgtcactgagagatcca LILSLRDP 2 0 2 NA FALSE FALSE FALSE 1202 562 1479 971 971 971 1081 -0.255733946315695 -0.097324043275913 -0.249709247918158 0.014718905164532 0.0466066565726866 0.0172040410149038 -0.244700951436759 0.0108754735723434
ctaatattgtcacttagagatcca LILSLRDP 2 0 2 NA FALSE FALSE FALSE 23 14 21 45 45 45 19.3333333333333 -0.0475062084680969 -0.00649852383640841 0.0453153399660978 0.0871496571649309 0.186007558912226 0.0655443403608687 0.0104373418349931 0.0504216107525557
cttatactgagtctaagagatcca LILSLRDP 4 0 2 NA FALSE FALSE FALSE 16633 13180 22276 42123 42123 42123 17363 0.0132347248179176 -0.00733420617283705 0.0141263094905001 0.00697218675756487 0.026228058314548 0.0141369220371995 0.0122935260775357 0.0060825769497183
cttatactgtcactaagagatcca LILSLRDP 1 0 1 NA FALSE FALSE FALSE 13 13 23 75 75 75 16.3333333333333 0.207044348053986 0.0790822798669796 0.150027097495008 0.109398428445223 0.148973819138258 0.0594231866886304 0.153833313401605 0.0492777354257323
ttgatactgtcactaagagatcca LILSLRDP 2 0 1 NA FALSE FALSE FALSE 30 32 62 122 122 122 41.3333333333333 0.124722726546079 0.0184734218999516 0.0240531015858059 0.0730891381045024 0.115507688101019 0.0402981175719584 0.0450417737057867 0.0337496508354009
