nt_seq aa_seq Nham_nt Nham_aa Nmut_codons WT indel STOP STOP_readthrough count_e1_s0 count_e2_s0 count_e3_s0 count_e1_s1 count_e2_s1 count_e3_s1 mean_count fitness1_uncorr fitness2_uncorr fitness3_uncorr sigma1_uncorr sigma2_uncorr sigma3_uncorr fitness sigma
tttctggttttatctttgagagatcca FLVLSLRDP 2 0 1 NA FALSE FALSE FALSE 325 283 265 3 3 3 291 -0.224394363757939 -0.216540062560089 -0.249470636974363 0.1465712125214 0.146392873546381 0.146472259982776 -0.230132687544599 0.0845695327651677
tttcttgttttatctttgagagatcca FLVLSLRDP 2 0 1 NA FALSE FALSE FALSE 1548 1460 1181 16 16 16 1396.33333333333 -0.195822221472878 -0.208176848613808 -0.204253860702719 0.0635442483857342 0.0634422993085356 0.0635356371763094 -0.202756923254148 0.036665982493765
tttttagtgttatctttgagagatcca FLVLSLRDP 1 0 1 NA FALSE FALSE FALSE 205 233 185 2 2 2 207.666666666667 -0.210409265014953 -0.269655505662628 -0.261075390813947 0.179549826496671 0.179102814840863 0.179336589483679 -0.247095393303445 0.103535914790624
tttttagttctgtctttgagagatcca FLVLSLRDP 2 0 1 NA FALSE FALSE FALSE 1452 1275 1049 31 31 31 1258.66666666667 -0.0125330133160306 -0.00762834336436683 -0.0078860279108346 0.045934154201143 0.045916922414495 0.0460407751674495 -0.00935095616896979 0.0265372427739204
tttttagttctttctttgagagatcca FLVLSLRDP 2 0 1 NA FALSE FALSE FALSE 1328 1276 1059 25 25 25 1221 -0.0443294171084026 -0.0619615203814948 -0.0644352761634947 0.0510715057359197 0.0509961867425194 0.0511046494231335 -0.0569104626080169 0.0294779959920815
tttttagttttatcgttgagagatcca FLVLSLRDP 1 0 1 NA FALSE FALSE FALSE 1365 1248 1023 11 11 11 1212 -0.25870682446294 -0.262989168862478 -0.262432691065433 0.0765313195680211 0.0764127617089539 0.0765013053330072 -0.2613781716513 0.0441567565463979
tttttagttttatctctgagagatcca FLVLSLRDP 1 0 1 NA FALSE FALSE FALSE 801 630 580 11 11 11 670.333333333333 -0.124023414435787 -0.0909570078951417 -0.119556736690148 0.0767461668670476 0.0767450591608417 0.0768141564488037 -0.111507440979775 0.0443222797473994
tttttagttttatctcttagagatcca FLVLSLRDP 2 0 1 NA FALSE FALSE FALSE 1621 1554 1145 24 24 24 1440 -0.105017613784998 -0.121838530243568 -0.0943721441561392 0.0520193217257495 0.0519375762996017 0.0520879580598374 -0.107102746208457 0.0300307836319543
tttttagttttatctttgagagatcca FLVLSLRDP 0 0 0 TRUE FALSE FALSE FALSE 5266 4684 3879 263 263 263 4609.66666666667 0.202192253094134 0.203004811660971 0.201197650424326 0.0161703200905737 0.0161859024609025 0.0162736408543664 0.202134968460837 0.00935871133474462
tttttagttttatctttgagagatccg FLVLSLRDP 1 0 1 NA FALSE FALSE FALSE 1786 1668 1346 16 16 16 1600 -0.23195720552484 -0.241695741675665 -0.237180380140871 0.0635009909788112 0.0633986991940099 0.0634831389503745 -0.236949595008758 0.0366391653716038
tttttagttttatctttgagagatcct FLVLSLRDP 1 0 1 NA FALSE FALSE FALSE 1107 1135 841 24 24 24 1027.66666666667 -0.00865335182526968 -0.042765684536236 -0.0166812646940909 0.0521947906772268 0.0520854430541703 0.0522822787288907 -0.0227349124190372 0.0301303619438581
tttttagttttatctttgcgggatcca FLVLSLRDP 2 0 1 NA FALSE FALSE FALSE 474 459 428 6 6 6 453.666666666667 -0.144611207576284 -0.163805336286765 -0.195652004505059 0.103833218688145 0.103659522201145 0.103726277254565 -0.16803710855804 0.0598940852517178
tttttagttttatctttgcgtgatcca FLVLSLRDP 2 0 1 NA FALSE FALSE FALSE 1342 1242 991 13 13 13 1191.66666666667 -0.212204246573652 -0.21973476462281 -0.212370467883827 0.0704625738663955 0.0703550350215957 0.0704609400236184 -0.214774847264968 0.040660544545909
tttttagttttgtctttgagagatcca FLVLSLRDP 1 0 1 NA FALSE FALSE FALSE 1075 1066 785 21 21 21 975.333333333333 -0.0349807667529513 -0.0605865591154954 -0.0329520657250232 0.0557316258601862 0.055633447613146 0.0558350459102624 -0.0428728947016063 0.0321775727072439
tttttggttttatctttgagagatcca FLVLSLRDP 1 0 1 NA FALSE FALSE FALSE 1222 1139 919 13 13 13 1093.33333333333 -0.188536452434611 -0.197947601230616 -0.193379208904754 0.0704957145328915 0.0703885312726341 0.0704969711168991 -0.193292482440225 0.0406803023920446
