nt_seq aa_seq Nham_nt Nham_aa Nmut_codons WT indel STOP STOP_readthrough count_e1_s0 count_e2_s0 count_e3_s0 count_e1_s1 count_e2_s1 count_e3_s1 mean_count fitness1_uncorr fitness2_uncorr fitness3_uncorr sigma1_uncorr sigma2_uncorr sigma3_uncorr fitness sigma
tttctggttttatctttgagagatcca FLVLSLRDP 2 0 1 NA FALSE FALSE FALSE 15750 15300 19762 39912 39912 39912 16937.3333333333 0.0116851193701781 0.0133410686321374 -0.00743802345897231 0.0181712425362879 0.0165625791882298 0.0157637572865884 0.00505601727102905 0.009668213555354
tttctggttttgtctttgagagatcca FLVLSLRDP 3 0 2 NA FALSE FALSE FALSE 13 18 28 45 45 45 19.6666666666667 0.0885648167446441 0.00244921037922602 -0.0652519193153163 0.0934898883896697 0.0740101552449964 0.0624976528407759 -0.011077384052559 0.0425244817130788
tttcttgttttatctttgagagatcca FLVLSLRDP 2 0 1 NA FALSE FALSE FALSE 22 28 27 83 83 83 25.6666666666667 0.109785367666589 0.0460707998069207 0.0988698565396425 0.0723235641140532 0.0588177649377346 0.0579013411663956 0.0819464769246683 0.0358398818687649
tttttagtgttatctttgagagatcca FLVLSLRDP 1 0 1 NA FALSE FALSE FALSE 8628 8577 11622 20792 20792 20792 9609 -0.000709517254878073 -0.00543967139365349 -0.0381211094596402 0.0183415223299222 0.0167123361287747 0.0158805608520142 -0.0164234453645445 0.00975058561965552
tttttagtgttatctttgagagatcct FLVLSLRDP 2 0 2 NA FALSE FALSE FALSE 15979 15938 18908 40691 40691 40691 16941.6666666667 0.0128917489764851 0.00782939824881323 0.00863280487943795 0.0181681382641951 0.0165563768714556 0.0157674110107736 0.00956474570446405 0.00966735423554693
tttttagtgttatctttgagggatcca FLVLSLRDP 2 0 2 NA FALSE FALSE FALSE 44 88 254 2 2 2 128.666666666667 -0.979489279816766 -1.20123733389567 -1.41119467966226 0.18148321731428 0.190305440543661 0.178386698856624 -1.19972996548943 0.105763134644215
tttttagttctgtctttgagagatcca FLVLSLRDP 2 0 1 NA FALSE FALSE FALSE 6386 6150 5561 8474 8474 8474 6032.33333333333 -0.147790566335711 -0.15010635000266 -0.0787231964936949 0.0185584190518663 0.0169482407495383 0.0162028710040426 -0.122773768754209 0.00990444050688392
tttttagttctttctttgagagatcca FLVLSLRDP 2 0 1 NA FALSE FALSE FALSE 5476 4220 5990 12058 12058 12058 5228.66666666667 -0.0229449651474413 0.036661779120665 -0.00826786199561676 0.0185650748685719 0.0170191673949621 0.0161095251783604 0.00275697041077807 0.00989801835791593
tttttagttttaagtttgcgtgatcca FLVLSLRDP 4 0 2 NA FALSE FALSE FALSE 10303 11120 12230 24022 24022 24022 11217.6666666667 -0.00884932424343105 -0.0349549690158549 -0.0144827417881576 0.0182835184705194 0.016646251239288 0.0158592293058646 -0.0198749406803043 0.00972379012167157
tttttagttttatcgttgagagatcca FLVLSLRDP 1 0 1 NA FALSE FALSE FALSE 40633 44309 54441 113730 113730 113730 46461 0.0361903712340983 0.00919650781064988 0.00111381143775923 0.0180452829481467 0.0164428350875312 0.0156661557252556 0.0138039542211812 0.009602902936409
tttttagttttatctttgagagatcca FLVLSLRDP 0 0 0 TRUE FALSE FALSE FALSE 819 538 1568 7446 7446 7446 975 0.326600505122755 0.440670012294343 0.208919170298922 0.0210502152346988 0.0199915904643924 0.0171072680333275 0.312327010710492 0.011059469152533
tttttagttttatctttgagagatccg FLVLSLRDP 1 0 1 NA FALSE FALSE FALSE 29109 28210 37746 76873 76873 76873 31688.3333333333 0.02185861629284 0.0245198646432279 -0.0053226668490486 0.0180771663188739 0.0164775177924479 0.0156910463313429 0.0125482025098681 0.00962034834753711
tttttagttttatctttgagagatcct FLVLSLRDP 1 0 1 NA FALSE FALSE FALSE 16364 16853 19371 41887 41887 41887 17529.3333333333 0.0141637586784325 0.00095272045157898 0.0098415743009113 0.0181632391334086 0.0165481337261901 0.0157634685695292 0.00803359646820894 0.00966406624099208
tttttagttttatctttgagggatcca FLVLSLRDP 1 0 1 NA FALSE FALSE FALSE 17 12 14 37 37 37 14.3333333333333 -0.0258164903756942 0.0561538876795311 0.0606213857755695 0.085862439750844 0.087396378256234 0.0804792000763423 0.0313798427945783 0.0487394050043708
tttttagttttatctttgcgggatcca FLVLSLRDP 2 0 1 NA FALSE FALSE FALSE 13168 12253 15606 30948 30948 30948 13675.6666666667 -0.00688126980123661 0.00507319394767591 -0.0120597329366417 0.018214825941488 0.0166101248244505 0.0158052910581233 -0.00475757161001455 0.00969381698702962
tttttagttttatctttgcgtgatcca FLVLSLRDP 2 0 1 NA FALSE FALSE FALSE 34652 37701 41039 85315 85315 85315 37797.3333333333 0.00457541199046803 -0.0230630234519646 -0.0001216882698067 0.0180610338165567 0.0164569899812854 0.0156841695438276 -0.00661775021160384 0.00961224475083619
tttttagttttgtctttgagagatcca FLVLSLRDP 1 0 1 NA FALSE FALSE FALSE 32660 33932 39714 79010 79010 79010 35435.3333333333 0.000243914785606682 -0.015751442818154 -0.0112454489259929 0.0180670864371313 0.0164648612833113 0.0156876846583954 -0.00952789539087867 0.00961553459171089
tttttggttttatctttgagagatcca FLVLSLRDP 1 0 1 NA FALSE FALSE FALSE 20998 20177 27448 50841 50841 50841 22874.3333333333 0.000454081972008041 0.00446429377532772 -0.0293294172035094 0.0181220488194045 0.0165197883988754 0.0157244396235345 -0.00938077164602723 0.00964322154026584
tttttggttttatctttgagagatcct FLVLSLRDP 2 0 2 NA FALSE FALSE FALSE 18333 15675 20530 38648 38648 38648 18179.3333333333 -0.0336830812757661 -0.00110073640578584 -0.0252303352286576 0.0181500129102303 0.0165612240271159 0.0157615695705732 -0.0194100869031167 0.0096642383614907
