nt_seq aa_seq Nham_nt Nham_aa Nmut_codons WT indel STOP STOP_readthrough count_e1_s0 count_e2_s0 count_e3_s0 count_e1_s1 count_e2_s1 count_e3_s1 mean_count fitness1_uncorr fitness2_uncorr fitness3_uncorr sigma1_uncorr sigma2_uncorr sigma3_uncorr fitness sigma
tttctggttttatctttgagagatcca FLVLSLRDP 2 0 1 NA FALSE FALSE FALSE 325 283 265 14 14 14 291 0.0147670640877638 0.023123366115531 -0.0113034770885457 0.0714172662832241 0.0714580097896543 0.0716793555424173 0.00890608796492435 0.0412908977534425
tttcttgttttatctttgagagatcca FLVLSLRDP 2 0 1 NA FALSE FALSE FALSE 1548 1460 1181 40 40 40 1396.33333333333 -0.118763779400576 -0.130667779634626 -0.127067799100289 0.0420121632297277 0.0418839010830408 0.0420623077077849 -0.125509095819809 0.0242405834521573
tttttagtgttatctttgagagatcca FLVLSLRDP 1 0 1 NA FALSE FALSE FALSE 205 233 185 4 4 4 207.666666666667 -0.192149975748682 -0.252319694320713 -0.243941222673296 0.131960586672198 0.131532305843749 0.131925142288738 -0.229522447661506 0.0760979884558092
tttttagttctgtctttgagagatcca FLVLSLRDP 2 0 1 NA FALSE FALSE FALSE 1452 1275 1049 38 38 38 1258.66666666667 -0.115438109479247 -0.108755019253671 -0.109560925053747 0.043101741730148 0.0430178204481683 0.0432018419106577 -0.111250709455102 0.0248878021690036
tttttagttctttctttgagagatcca FLVLSLRDP 2 0 1 NA FALSE FALSE FALSE 1328 1276 1059 29 29 29 1221 -0.162734956716916 -0.179303727654563 -0.182414901450961 0.0491901405981247 0.0490492998498451 0.0492077459736625 -0.174824638369987 0.0283761355484491
tttttagttttatcgttgagagatcca FLVLSLRDP 1 0 1 NA FALSE FALSE FALSE 1365 1248 1023 36 36 36 1212 -0.11342098819933 -0.117255840652285 -0.117104527253334 0.0442782070096415 0.0441713380980668 0.0443576873913212 -0.115927858939156 0.0255586497263494
tttttagttttatctctgagagatcca FLVLSLRDP 1 0 1 NA FALSE FALSE FALSE 801 630 580 23 23 23 670.333333333333 -0.0912062373867439 -0.0559517694259007 -0.0860019452526118 0.0553856502097624 0.0554301256231893 0.0555818447170579 -0.0777121459563454 0.0320231269864241
tttttagttttatctcttagagatcca FLVLSLRDP 2 0 1 NA FALSE FALSE FALSE 1621 1554 1145 43 43 43 1440 -0.111907582034012 -0.128084779594748 -0.10017440773809 0.0405458836422871 0.040408218575895 0.040650696682178 -0.113445011889365 0.0234026437051274
tttttagttttatctttgagagatcca FLVLSLRDP 0 0 0 TRUE FALSE FALSE FALSE 5266 4684 3879 402 402 402 4609.66666666667 0.164267588461602 0.166507199044557 0.164151378947288 0.014038160627432 0.0138271253804903 0.0139767164894897 0.164988500588373 0.00805200753216729
tttttagttttatctttgagagatccg FLVLSLRDP 1 0 1 NA FALSE FALSE FALSE 1786 1668 1346 45 45 45 1600 -0.125356212680416 -0.134677239197535 -0.130451076550059 0.039617164230052 0.0394909118730007 0.0396586132468764 -0.130170934169074 0.0228565486032971
tttttagttttatctttgagagatcct FLVLSLRDP 1 0 1 NA FALSE FALSE FALSE 1107 1135 841 28 28 28 1027.66666666667 -0.124345897340081 -0.157961122613598 -0.13153358958558 0.0501398316725021 0.0499623589206761 0.0502269093558228 -0.138001688739062 0.0289306390964771
tttttagttttatctttgcgggatcca FLVLSLRDP 2 0 1 NA FALSE FALSE FALSE 474 459 428 8 8 8 453.666666666667 -0.230048119367581 -0.248380610177066 -0.281860599259697 0.0932280185249019 0.0930393922447421 0.0931647365507584 -0.253435812821837 0.0537766846762829
tttttagttttatctttgcgtgatcca FLVLSLRDP 2 0 1 NA FALSE FALSE FALSE 1342 1242 991 20 20 20 1191.66666666667 -0.262555640707457 -0.268976568588459 -0.261888140955531 0.0589781436650147 0.0588426154625609 0.0590066167550086 -0.264481194594058 0.0340303690606478
tttttagttttgtctttgagagatcca FLVLSLRDP 1 0 1 NA FALSE FALSE FALSE 1075 1066 785 100 100 100 975.333333333333 0.215913646486938 0.189658844010835 0.217889186694009 0.027576207855808 0.0274153638416636 0.0279164035468269 0.207667378364587 0.0159542857078426
tttttggttttatctttgagagatcca FLVLSLRDP 1 0 1 NA FALSE FALSE FALSE 1222 1139 919 37 37 37 1093.33333333333 -0.0773480202533987 -0.0863398908910069 -0.0820528153160583 0.0437625619144601 0.043649783697679 0.0438686519898099 -0.081920984471234 0.0252648817001961
