nt_seq aa_seq Nham_nt Nham_aa Nmut_codons WT indel STOP STOP_readthrough count_e1_s0 count_e2_s0 count_e3_s0 count_e1_s1 count_e2_s1 count_e3_s1 mean_count fitness1_uncorr fitness2_uncorr fitness3_uncorr sigma1_uncorr sigma2_uncorr sigma3_uncorr fitness sigma
ctaatactgagtctaagagatcca LILSLRDP 3 0 1 NA FALSE FALSE FALSE 124 163 227 511 511 511 171.333333333333 0.0700479264884366 0.0196021237837168 -0.024002432974734 0.036942720566797 0.0343324251074655 0.0279951428087388 0.0130659136487805 0.0187085544678568
ctaatactgtcactaagagatcca LILSLRDP 0 0 0 TRUE FALSE FALSE FALSE 3083 3910 4461 10415 10415 10415 3818 0.0187966948428176 -0.0184754229826186 -0.0108884683238118 0.0269410681957857 0.0156708536720563 0.0067716071920672 -0.0105214489522436 0.0060569532779591
ctaatactgtcactaagagatccg LILSLRDP 1 0 1 NA FALSE FALSE FALSE 533 663 728 2005 2005 2005 641.333333333333 0.0465270750293527 0.0111888561380674 0.0485483978805462 0.0292557038100796 0.0211091503622489 0.0154404815756008 0.0372163386489197 0.0114654836566154
ctaatactgtcactaagagatcct LILSLRDP 1 0 1 NA FALSE FALSE FALSE 75 101 152 300 300 300 109.333333333333 0.0623648709520919 0.00699043296847888 -0.0713138824918125 0.0425088492027138 0.0425707913321595 0.0347278154350014 -0.0107328894587884 0.0227368518830783
ctaatactgtcactaagggatcca LILSLRDP 1 0 1 NA FALSE FALSE FALSE 314 383 458 973 973 973 385 -0.00347158329226659 -0.0295452112166335 -0.0448327530047395 0.0312760853071658 0.0256043298793826 0.0199315423917762 -0.031880313905346 0.014051295143678
ctaatactgtcactacgggatcca LILSLRDP 2 0 1 NA FALSE FALSE FALSE 585 670 793 1892 1892 1892 682.666666666667 0.00756208525072099 -0.00482480638781735 -0.00308495620733466 0.0290995480738785 0.0212097303990107 0.0150365635096895 -0.00197262823026479 0.0113034078706272
ctaatactgtcactacgtgatcca LILSLRDP 2 0 1 NA FALSE FALSE FALSE 809 1025 1103 2412 2412 2412 979 -0.0134200213633623 -0.0474458357379086 -0.0344336719803637 0.0284201055710935 0.0194283105656075 0.012949733301168 -0.0352921465131923 0.0100755688966943
ctaatactgtcactgagagatcca LILSLRDP 1 0 1 NA FALSE FALSE FALSE 707 832 1006 2409 2409 2409 848.333333333333 0.0210124670070852 0.00102381045700461 -0.00176720344840273 0.0286287007276586 0.0199889949612267 0.0133974030722075 0.001974789732364 0.0103727600593473
ctaatactgtcacttagagatcca LILSLRDP 1 0 1 NA FALSE FALSE FALSE 528 614 652 1675 1675 1675 598 0.0025836076380801 -0.0128976359637264 0.0235200695370862 0.0293874565036297 0.0218263929844727 0.0164079148923058 0.00907726451057931 0.0119767211305674
ctaatactgtcattgagagatcca LILSLRDP 2 0 1 NA FALSE FALSE FALSE 908 1080 1264 3024 3024 3024 1084 0.0151213071307391 -0.00680982115013605 -0.00210193274830402 0.0281628645456973 0.018876574764619 0.0120100112292862 -0.00132896446564195 0.00953458324161155
ctaatactgtcgctaagagatcca LILSLRDP 1 0 1 NA FALSE FALSE FALSE 682 727 959 2289 2289 2289 789.333333333333 0.0171196625366432 0.0206128958471891 -0.00293648755323574 0.0287141374519028 0.0205100930048033 0.0137147857468452 0.00608014483200761 0.0105961095401863
ctaatactgtctctaagagatcca LILSLRDP 1 0 1 NA FALSE FALSE FALSE 309 298 367 973 973 973 324.666666666667 0.000667759016839982 0.0291083709065572 0.0348511192727014 0.0313308525936053 0.0269810886503962 0.0216797351393161 0.0254015681190533 0.0148741068418881
ctaatactttcactaagagatcca LILSLRDP 1 0 1 NA FALSE FALSE FALSE 596 629 764 1801 1801 1801 663 -0.00995313366587032 -0.0015866424173626 -0.0074150725544088 0.0290940392323915 0.0215522525461663 0.0153315573344357 -0.00615668321144671 0.0114794490929262
ctaatattgtcactaagagatcca LILSLRDP 1 0 1 NA FALSE FALSE FALSE 788 792 1014 2483 2483 2483 864.666666666667 0.000843601827338572 0.0196119416195291 0.00626745259107611 0.0284447653976952 0.0200762801006575 0.0133141326652463 0.009089004448931 0.0103372173812848
ctaattctgtcactaagagatcca LILSLRDP 1 0 1 NA FALSE FALSE FALSE 766 927 1061 2607 2607 2607 918 0.0207125339534402 -0.00578549761355239 0.00749906687346923 0.0284649607091952 0.0195309910524267 0.0130224320398807 0.00560028840478469 0.0101261047238026
ctgatactgtcactaagagatcca LILSLRDP 1 0 1 NA FALSE FALSE FALSE 773 875 1043 2452 2452 2452 897 0.00255990576442276 -0.00661909565327556 -0.0083959661461119 0.0284795065124975 0.0198091758836859 0.0131933121018699 -0.00650270223230321 0.0102455851852722
cttatactgtcactaagagatcca LILSLRDP 1 0 1 NA FALSE FALSE FALSE 805 833 898 2257 2257 2257 845.333333333333 -0.0292698589998445 -0.0144906229028395 0.0156410978872417 0.0284606278085157 0.0201209337897404 0.0140783148193772 0.00079867731801617 0.0106904308905583
ttgatactgtcactaagagatcca LILSLRDP 2 0 1 NA FALSE FALSE FALSE 633 729 884 1926 1926 1926 748.666666666667 -0.0081806285291384 -0.0203880316755051 -0.0357571390870081 0.028940241894421 0.0208877207388275 0.0144143344949051 -0.0275450085081179 0.0109771285845077
ttgattttgtctttgagagatcca LILSLRDP 7 0 5 NA FALSE FALSE FALSE 633 580 768 2014 2014 2014 660.333333333333 0.00334059870698892 0.0434968947786053 0.0309178183331588 0.0289141259420167 0.0215904046366133 0.0151190151252016 0.0301401289429559 0.0113841369867629
