nt_seq aa_seq Nham_nt Nham_aa Nmut_codons WT indel STOP STOP_readthrough count_e1_s0 count_e2_s0 count_e3_s0 count_e1_s1 count_e2_s1 count_e3_s1 mean_count fitness1_uncorr fitness2_uncorr fitness3_uncorr sigma1_uncorr sigma2_uncorr sigma3_uncorr fitness sigma
ctaatactgtcactaagagatcca LILSLRDP 0 0 0 TRUE FALSE FALSE FALSE 1445 1990 1557 7768 7768 7768 1664 0.0214319806741464 0.0160410859789469 0.0111523546910614 0.0121774905394762 0.015347912144096 0.00817781955665303 0.0146245499202359 0.00620871347988579
ctaatactgtcactaagagatcct LILSLRDP 1 0 1 NA FALSE FALSE FALSE 930 1203 840 4267 4267 4267 991 -0.0178132873424753 -0.00778217968583532 0.0155536998955236 0.0135074030598306 0.0162636772414271 0.0108145926758675 0.000333094129688713 0.00749282576512818
ctaatactgtcactaagggatcca LILSLRDP 1 0 1 NA FALSE FALSE FALSE 1386 1931 1363 6965 6965 6965 1560 0.00472834684383078 -0.00361197164549039 0.0170063687620087 0.0123016111841953 0.0154117148749878 0.00866369581616531 0.0100497067453017 0.00643609557821868
ctaatactgtcactacgggatcca LILSLRDP 2 0 1 NA FALSE FALSE FALSE 18 16 19 109 109 109 17.6666666666667 0.0509294563656101 0.154545579376426 0.0452773865893352 0.0683055865466918 0.0708874184733628 0.0689727761804588 0.0820932285349953 0.0400467393212417
ctaatactgtcactacgtgatcca LILSLRDP 2 0 1 NA FALSE FALSE FALSE 150 161 147 750 750 750 152.666666666667 0.00348035138952674 0.0600115396123265 0.0166230259182148 0.0255676313028173 0.0264474767345531 0.025113659754285 0.0258477029103104 0.0148332187289044
ctaatactgtcactgagagatcca LILSLRDP 1 0 1 NA FALSE FALSE FALSE 832 1054 752 3890 3890 3890 879.333333333333 -0.0131435674188119 0.00209779693101543 0.0199919828387762 0.0138921116334787 0.0165507792491218 0.0113767921457074 0.00567773873940649 0.0077712755927051
ctaatactgtcacttagagatcca LILSLRDP 1 0 1 NA FALSE FALSE FALSE 180 224 198 749 749 749 200.666666666667 -0.042016065691634 -0.0224562548269745 -0.0564784695725932 0.0239492892506083 0.0240900454247335 0.0221625021188028 -0.0412418427315461 0.0134808654780847
ctaatactgtcattgagagatcca LILSLRDP 2 0 1 NA FALSE FALSE FALSE 368 491 443 1822 1822 1822 434 0.00104500773063895 0.00344812921474243 -0.0360390970102393 0.0178981564542414 0.0191355334897029 0.0148662682422605 -0.014492036472986 0.00981648246126418
ctaatactgtcgctaagagatcca LILSLRDP 1 0 1 NA FALSE FALSE FALSE 2435 3418 2546 10605 10605 10605 2799.66666666667 -0.0307205517099124 -0.0410658150805095 -0.0329403196523054 0.0112186332111357 0.0148022008203082 0.00670159991231181 -0.0334995573624952 0.00536244763336473
ctaatactttcactaagagatcca LILSLRDP 1 0 1 NA FALSE FALSE FALSE 287 341 296 1357 1357 1357 308 -0.0103647073891975 0.0208340889263995 -0.00951457442460771 0.0196792636717196 0.0209502435275255 0.0179366012641271 -0.00111305643377615 0.011202213091663
ctaatattgtcactaagagatcca LILSLRDP 1 0 1 NA FALSE FALSE FALSE 1015 1311 1135 5393 5393 5393 1153.66666666667 0.0185360061035093 0.0290820716603313 -0.000767631336032232 0.0131508134731812 0.0160255366361506 0.00945183374660963 0.010150028670892 0.00692218360687465
ctaattctgtcactaagagatcca LILSLRDP 1 0 1 NA FALSE FALSE FALSE 1768 2289 1808 9004 9004 9004 1955 0.00803407276147385 0.0179501675445387 0.0107115062467219 0.0117505730367023 0.015165380966562 0.00766172087036006 0.0111336090004311 0.00591047593938175
ctgatactgtcactaagagatcca LILSLRDP 1 0 1 NA FALSE FALSE FALSE 1386 1975 1434 7521 7521 7521 1598.33333333333 0.0237541194494923 0.00988604873514669 0.0233647907186991 0.0122751079198376 0.0153648763037986 0.00845709740103125 0.0211715838617832 0.00634308716877428
cttatactgtcactaagagatcca LILSLRDP 1 0 1 NA FALSE FALSE FALSE 1226 1620 1323 6221 6221 6221 1389.66666666667 0.00713082926842261 0.0119687373655882 -0.00331872656407793 0.0126167994433716 0.0156641455827383 0.00882420623197515 0.00219632060290715 0.00656531024546244
ttgattttgtctttgagagatcca LILSLRDP 7 0 5 NA FALSE FALSE FALSE 429 637 504 1936 1936 1936 523.333333333333 -0.0219154779188119 -0.046204357514058 -0.0527323471245477 0.0170427584776911 0.0182294295843564 0.0140455924036522 -0.041818199398685 0.00931652212052284
