nt_seq aa_seq Nham_nt Nham_aa Nmut_codons WT indel STOP STOP_readthrough count_e1_s0 count_e2_s0 count_e3_s0 count_e1_s1 count_e2_s1 count_e3_s1 mean_count fitness1_uncorr fitness2_uncorr fitness3_uncorr sigma1_uncorr sigma2_uncorr sigma3_uncorr fitness sigma
ctaatactgtcactaagagatcca LILSLRDP 0 0 0 TRUE FALSE FALSE FALSE 42139 43095 29643 4784 4784 4784 38292.3333333333 0.176735236950282 0.174670795680647 0.17906316595457 0.00995342533444967 0.00911441396305 0.0104918503988123 0.176616603399474 0.00565994614226022
ctaatactgtcactaagggatcca LILSLRDP 1 0 1 NA FALSE FALSE FALSE 37 13 10 19 19 19 20 0.528761584721514 0.776024520804683 0.755734555574198 0.109835785893448 0.167791588664592 0.0962091490953857 0.675832466465967 0.066453392956539
ctaatactgtcactgagagatcca LILSLRDP 1 0 1 NA FALSE FALSE FALSE 1852 2052 2315 188 188 188 2073 0.150638478543998 0.129877963984306 0.018448979689649 0.0234797993389081 0.0226572998294959 0.0203439949436894 0.0923945297017793 0.0127225661720657
ctaatactgtcgctaagagatcca LILSLRDP 1 0 1 NA FALSE FALSE FALSE 47 41 43 74 74 74 43.6666666666667 0.790095025443898 0.82525121203903 0.732584257554959 0.0894151053408678 0.0937971305104968 0.0479184755853536 0.758874542614224 0.0385115175259295
ctaatattgagtctaagagatcca LILSLRDP 4 0 2 NA FALSE FALSE FALSE 54144 55317 39233 2494 2494 2494 49564.6666666667 -0.0336716621682445 -0.0355453556921218 -0.0388269199497778 0.0103796568162902 0.00958308973667156 0.0109558309679203 -0.0358943882846072 0.00592327103960742
ctaatattgtcactaagagatcca LILSLRDP 1 0 1 NA FALSE FALSE FALSE 27 17 28 7 7 7 24 0.369346794717071 0.480484176768702 0.281416402290642 0.142656090567735 0.164706768478022 0.10067430527635 0.344550999395889 0.0735881253979177
ctaattctgtcactaagagatcca LILSLRDP 1 0 1 NA FALSE FALSE FALSE 165 267 167 4 4 4 199.666666666667 -0.18339348195955 -0.29258429494044 -0.267097845896006 0.125405096596806 0.1220514643985 0.118787932630801 -0.249181735825985 0.070432032167525
cttatactgtcactaagagatcca LILSLRDP 1 0 1 NA FALSE FALSE FALSE 53 17 16 14 14 14 28.6666666666667 0.373706751001856 0.642194089793754 0.574397065076046 0.101652044118735 0.152451278357687 0.0890131848030672 0.512351256374095 0.0613125517271926
ttgatactgtcactaagagatcca LILSLRDP 2 0 1 NA FALSE FALSE FALSE 15 14 28 20 20 20 19 0.7513204693493 0.770701900067365 0.526935777924661 0.159052849051992 0.161891835052801 0.0712037591224711 0.593029029910328 0.0603106454521699
ttgatactgtcacttagagatcca LILSLRDP 3 0 2 NA FALSE FALSE FALSE 15963 16063 10605 435 435 435 14210.3333333333 -0.156110519431387 -0.154465629786881 -0.141285354998058 0.0150300214561851 0.0144775788175951 0.0150959152132677 -0.150744436820172 0.00857939694965112
ttgatactgtcattgagagatcca LILSLRDP 4 0 2 NA FALSE FALSE FALSE 11451 12229 7635 564 564 564 10438.3333333333 -0.0180482327497973 -0.0302538702935778 -0.0037031840159798 0.0143396232666353 0.0136889897136362 0.0141954573274271 -0.0176490879153782 0.00812116379736006
ttgatactttcactaagagatcca LILSLRDP 3 0 2 NA FALSE FALSE FALSE 23486 23058 16700 1007 1007 1007 21081.3333333333 -0.0503886513594414 -0.0429746724503631 -0.0511757659279744 0.0121690757301675 0.0115043074408566 0.0124294481058482 -0.0479382221001944 0.00693684617012518
ttgatattgtcactaagagatcca LILSLRDP 3 0 2 NA FALSE FALSE FALSE 105406 107444 70640 3882 3882 3882 94496.6666666667 -0.0858521580555451 -0.0872038211479029 -0.0728817110567354 0.00984409906983158 0.00900877735780112 0.0105592208816274 -0.0826988509061833 0.00562457442932235
