nt_seq aa_seq Nham_nt Nham_aa Nmut_codons WT indel STOP STOP_readthrough count_e1_s0 count_e2_s0 count_e3_s0 count_e1_s1 count_e2_s1 count_e3_s1 mean_count fitness1_uncorr fitness2_uncorr fitness3_uncorr sigma1_uncorr sigma2_uncorr sigma3_uncorr fitness sigma
gattgggtgagaaggtatacactc DWVRRYTL 2 0 1 NA FALSE FALSE FALSE 1239 916 886 104 104 104 1013.66666666667 -0.268892456095952 -0.269971855332535 -0.260170206944317 0.0320749389963085 0.0325478283786557 0.0324553481397213 -0.266358160640273 0.0186815656288636
gattgggtgagacgttatacactc DWVRRYTL 0 0 0 TRUE FALSE FALSE FALSE 4158 3244 3047 2165 2165 2165 3483 0.301774375829598 0.285313575328858 0.299152442333709 0.00885728206618748 0.00923434855298347 0.00930152468908075 0.295575967921168 0.0052681224350582
gattgggtgagacgttatacactg DWVRRYTL 1 0 1 NA FALSE FALSE FALSE 1819 1358 1217 280 280 280 1464.66666666667 -0.0792753209451938 -0.0829223881226944 -0.0511229146675889 0.0203153184496989 0.0207860179662071 0.0208921541422759 -0.0712996584295423 0.0119279930416622
gattgggtgagacgttatacactt DWVRRYTL 1 0 1 NA FALSE FALSE FALSE 161 125 132 17 17 17 139.333333333333 -0.197138207465957 -0.213377031024389 -0.231362871368435 0.0798018350470685 0.0809956110885482 0.0803688746077961 -0.213882366744344 0.0464099204159998
gattgggtgagacgttatacattg DWVRRYTL 2 0 1 NA FALSE FALSE FALSE 2616 2025 1925 216 216 216 2188.66666666667 -0.274037471037142 -0.289540946211507 -0.274172552546917 0.0223561749325943 0.0226277352714285 0.0225812198261008 -0.279201339267102 0.0130023722481126
gattgggtgagacgttatacgctc DWVRRYTL 1 0 1 NA FALSE FALSE FALSE 1140 953 840 71 71 71 977.666666666667 -0.362208416445384 -0.402052902505906 -0.36218088739771 0.0383745799389196 0.0386432532933941 0.0386450513635169 -0.375419267803599 0.0222589686380746
gattgggtgaggcgttatacactc DWVRRYTL 1 0 1 NA FALSE FALSE FALSE 3426 2566 2462 221 221 221 2818 -0.351227652864367 -0.356597054151425 -0.343494621583545 0.0219253579746168 0.0221707159481943 0.0221072905389978 -0.350432453193834 0.0127404176864899
gattgggtgcggcgttatacactc DWVRRYTL 2 0 1 NA FALSE FALSE FALSE 150 102 121 7 7 7 124.333333333333 -0.452455938886803 -0.42780001432173 -0.479960059008024 0.120950311637056 0.122371104746635 0.121195112718333 -0.453568130462369 0.0701485090530873
gattgggtgcgtcgttatacactc DWVRRYTL 2 0 1 NA FALSE FALSE FALSE 932 647 643 86 86 86 740.666666666667 -0.239286385104082 -0.220555770855567 -0.219623686321214 0.0353774359420726 0.0360712682919921 0.0359201407857179 -0.226635929083081 0.0206609825606923
gattgggttagaagatatactttg DWVRRYTL 6 0 4 NA FALSE FALSE FALSE 481 231 328 37 37 37 346.666666666667 -0.296183694364872 -0.162088050306597 -0.272523977778888 0.0534371016413241 0.055529412637453 0.0541391507466278 -0.245419590956786 0.0313777547574523
