nt_seq aa_seq Nham_nt Nham_aa Nmut_codons WT indel STOP STOP_readthrough count_e1_s0 count_e2_s0 count_e3_s0 count_e1_s1 count_e2_s1 count_e3_s1 mean_count fitness1_uncorr fitness2_uncorr fitness3_uncorr sigma1_uncorr sigma2_uncorr sigma3_uncorr fitness sigma
ctaatactgtcactaagagatcca LILSLRDP 0 0 0 TRUE FALSE FALSE FALSE 1445 1990 1557 8089 8089 8089 1664 0.0172815332093162 0.0129972749943674 0.00935240445980939 0.0112288909827123 0.0134184346013625 0.00753205176566347 0.0120243571582732 0.00566941854572078
ctaatactgtcactaagagatcct LILSLRDP 1 0 1 NA FALSE FALSE FALSE 930 1203 840 4452 4452 4452 991 -0.0166673522994099 -0.00770561195285911 0.0138114272092771 0.0123756175176744 0.0143903480189112 0.00994694991059149 -0.000300255309258774 0.00682546202911041
ctaatactgtcactaagggatcca LILSLRDP 1 0 1 NA FALSE FALSE FALSE 1386 1931 1363 7251 7251 7251 1560 0.00259770571309826 -0.00449183460748273 0.0146478133329086 0.0113378526678366 0.0134871700737291 0.00797788083881516 0.00778440491268903 0.00587337324764571
ctaatactgtcactacgggatcca LILSLRDP 2 0 1 NA FALSE FALSE FALSE 18 16 19 103 103 103 17.6666666666667 0.0220463980412779 0.114436113610229 0.0188558079240645 0.0609810826844696 0.0685336452864721 0.0637183595358838 0.0479824799054729 0.0370593215864327
ctaatactgtcactacgtgatcca LILSLRDP 2 0 1 NA FALSE FALSE FALSE 150 161 147 787 787 787 152.666666666667 0.00322158110358013 0.0536931621071423 0.0160649599807876 0.0228758470030328 0.0247422267731267 0.0230574521532944 0.0228705984473101 0.0135763883416783
ctaatactgtcactgagagatcca LILSLRDP 1 0 1 NA FALSE FALSE FALSE 832 1054 752 3897 3897 3897 879.333333333333 -0.0213959457508573 -0.00790868391697814 0.00878990814735752 0.0127287555624923 0.0147136393791665 0.0104868800002536 -0.00445887424076502 0.00709163478018739
ctaatactgtcacttagagatcca LILSLRDP 1 0 1 NA FALSE FALSE FALSE 180 224 198 998 998 998 200.666666666667 0.01519880589639 0.0332371199805012 0.00259371542950684 0.0211240641120942 0.0220226329464698 0.0199839472092222 0.0160258050666362 0.0121206283593349
ctaatactgtcattgagagatcca LILSLRDP 2 0 1 NA FALSE FALSE FALSE 368 491 443 1846 1846 1846 434 -0.00652003701407461 -0.00422026152467426 -0.0399088190315939 0.0161999067960833 0.0174046119130446 0.0136721423175257 -0.0202446773019225 0.00895814880850262
ctaatactgtcgctaagagatcca LILSLRDP 1 0 1 NA FALSE FALSE FALSE 2435 3418 2546 12599 12599 12599 2799.66666666667 0.000200935920756806 -0.00858220334130157 -0.00151455136899483 0.0103897924106488 0.0128076346216428 0.00613230698981027 -0.0021627743738306 0.00488228790553962
ctaatactttcactaagagatcca LILSLRDP 1 0 1 NA FALSE FALSE FALSE 287 341 296 1396 1396 1396 308 -0.0132046025665549 0.0145666865205364 -0.0122557150238375 0.0177485987307496 0.0192459200889153 0.0164832170814542 -0.00499220046709284 0.0102303210911459
ctaatattgtcactaagagatcca LILSLRDP 1 0 1 NA FALSE FALSE FALSE 1015 1311 1135 5119 5119 5119 1153.66666666667 -0.00535341192566037 0.00412761692154727 -0.0222359181778943 0.0121026767608594 0.0141755875019172 0.00874426142787043 -0.0123309310076285 0.00633954493330357
ctaattctgtcactaagagatcca LILSLRDP 1 0 1 NA FALSE FALSE FALSE 1768 2289 1808 8967 8967 8967 1955 -0.00413152698792501 0.00484846429239121 -0.00101510658380484 0.0108806118276855 0.0132345066735431 0.00707644410397349 -0.000805494866617301 0.00541325890180548
ctgatactgtcactaagagatcca LILSLRDP 1 0 1 NA FALSE FALSE FALSE 1386 1975 1434 7709 7709 7709 1598.33333333333 0.0158866179822757 0.00405065610654133 0.0169863729167005 0.0113168880522054 0.0134413555690233 0.00779595477673589 0.0142952817761236 0.00579316723190833
cttatactgtcactaagagatcca LILSLRDP 1 0 1 NA FALSE FALSE FALSE 1226 1620 1323 6267 6267 6267 1389.66666666667 -0.00243079728362271 0.00207636132549161 -0.011275336409713 0.0116195681995728 0.0137670700584129 0.00813669989276254 -0.00638265781605656 0.00599898648922956
ttgattttgtctttgagagatcca LILSLRDP 7 0 5 NA FALSE FALSE FALSE 429 637 504 2088 2088 2088 523.333333333333 -0.0130698753937211 -0.0344774075668561 -0.0412090410517377 0.0154080783784134 0.0164160760281085 0.0128564423546257 -0.0309387864397884 0.0084597249862476
