nt_seq aa_seq Nham_nt Nham_aa Nmut_codons WT indel STOP STOP_readthrough count_e1_s0 count_e2_s0 count_e3_s0 count_e1_s1 count_e2_s1 count_e3_s1 mean_count fitness1_uncorr fitness2_uncorr fitness3_uncorr sigma1_uncorr sigma2_uncorr sigma3_uncorr fitness sigma
gattgggtgagaaggtatacactc DWVRRYTL 2 0 1 NA FALSE FALSE FALSE 1239 916 886 124 124 124 1013.66666666667 -1.04706110667286 -1.0494321395065 -1.0342758397038 0.0400325306148923 0.0411400704718928 0.0405464741263571 -1.04356377906734 0.0234204812359609
gattgggtgagacgttatacactc DWVRRYTL 0 0 0 TRUE FALSE FALSE FALSE 4158 3244 3047 17723 17723 17723 3483 0.538543946872936 0.530268667266937 0.525613437461712 0.00842037386886449 0.010254157507349 0.00926803480068615 0.532041898353068 0.00532576916667344
gattgggtgagacgttatacactg DWVRRYTL 1 0 1 NA FALSE FALSE FALSE 1819 1358 1217 211 211 211 1464.66666666667 -0.984680852122597 -0.99055329085131 -0.944649667222554 0.0310266812878461 0.0320619830624258 0.0316470542157641 -0.973299933809911 0.0182269127038448
gattgggtgagacgttatacactt DWVRRYTL 1 0 1 NA FALSE FALSE FALSE 161 125 132 46 46 46 139.333333333333 -0.603698068456204 -0.622204230340117 -0.652469053774856 0.0707858545423127 0.0735449399621715 0.0721337757374744 -0.625886075230032 0.0416434032243394
gattgggtgagacgttatacattg DWVRRYTL 2 0 1 NA FALSE FALSE FALSE 2616 2025 1925 345 345 345 2188.66666666667 -0.930443954945456 -0.951195407512042 -0.930776038469378 0.0245747021924864 0.0255306396476246 0.0249493057874199 -0.937192552530752 0.0144389479580418
gattgggtgagacgttatacgctc DWVRRYTL 1 0 1 NA FALSE FALSE FALSE 1140 953 840 137 137 137 977.666666666667 -0.969727002201924 -1.02375699493241 -0.970235991465594 0.0384503265718831 0.0393278952708018 0.0389818883163311 -0.987529900301442 0.0224675859529457
gattgggtgaggcgttatacactc DWVRRYTL 1 0 1 NA FALSE FALSE FALSE 3426 2566 2462 468 468 468 2818 -0.91557654345049 -0.922083646082027 -0.906135233179239 0.0212530345486466 0.022259115281143 0.0216257539653381 -0.914469147789 0.0125289689788577
gattgggtgcggcgttatacactc DWVRRYTL 2 0 1 NA FALSE FALSE FALSE 150 102 121 14 14 14 124.333333333333 -1.0765617086223 -1.04352851101235 -1.1139196033209 0.118186479318437 0.121269350696404 0.11880451939475 -1.07846520827909 0.068934488433869
gattgggtgcgtcgttatacactc DWVRRYTL 2 0 1 NA FALSE FALSE FALSE 932 647 643 110 110 110 740.666666666667 -0.977355707505968 -0.952086278510925 -0.950248816917319 0.0428186749398687 0.0442693870205436 0.0436007067872825 -0.960188840100428 0.0251440655892591
gattgggttagaagatatactttg DWVRRYTL 6 0 4 NA FALSE FALSE FALSE 481 231 328 38 38 38 346.666666666667 -1.14701826907196 -0.966169232712734 -1.11337311141643 0.0713444812530017 0.0746483789151356 0.0721946652223839 -1.07848873869596 0.0419671524145095
