nt_seq aa_seq Nham_nt Nham_aa Nmut_codons WT indel STOP STOP_readthrough count_e1_s0 count_e2_s0 count_e3_s0 count_e1_s1 count_e2_s1 count_e3_s1 mean_count fitness1_uncorr fitness2_uncorr fitness3_uncorr sigma1_uncorr sigma2_uncorr sigma3_uncorr fitness sigma
ctaatactgtcactaagagatcca LILSLRDP 0 0 0 TRUE FALSE FALSE FALSE 42139 43095 29643 155326 155326 155326 38292.3333333333 0.0239765237566072 0.0267651970745449 0.025558073208958 0.00910862830102927 0.0126493895272012 0.00979176535010222 0.0251571976082893 0.00589946969577477
ctaatactgtcactaagggatcca LILSLRDP 1 0 1 NA FALSE FALSE FALSE 37 13 10 133 133 133 20 0.0184396615185846 0.259057430352693 0.232438020495939 0.0464177836862166 0.0760565693756746 0.0795022929216451 0.113325067776696 0.0354617467596402
ctaatactgtcactgagagatcca LILSLRDP 1 0 1 NA FALSE FALSE FALSE 1852 2052 2315 8329 8329 8329 2073 0.0678206661968438 0.0532187532593929 -0.0579447982527457 0.0110051858398031 0.0140465292882178 0.0111701860463935 0.0171184762734295 0.00684553905301788
ctaatactgtcgctaagagatcca LILSLRDP 1 0 1 NA FALSE FALSE FALSE 47 41 43 298 298 298 43.6666666666667 0.143523074690723 0.182936313658391 0.0876562773815444 0.0398613322548374 0.0446071942254039 0.0402542773748894 0.135135997007132 0.023911079666067
ctaatattgagtctaagagatcca LILSLRDP 4 0 2 NA FALSE FALSE FALSE 54144 55317 39233 173532 173532 173532 49564.6666666667 -0.00684446685076285 -0.00414772414345693 -0.0120785081423385 0.00908854983670152 0.0126342192016778 0.00976537106095513 -0.00816099052216269 0.00588670031083416
ctaatattgtcactaagagatcca LILSLRDP 1 0 1 NA FALSE FALSE FALSE 27 17 28 94 94 94 24 0.0113925671874139 0.122053380624167 -0.0733239013184776 0.0542108809565288 0.0685611216849308 0.0520273525075535 0.00298510821848705 0.0329253199490298
ctaattctgtcactaagagatcca LILSLRDP 1 0 1 NA FALSE FALSE FALSE 165 267 167 334 334 334 199.666666666667 -0.10812510372823 -0.208854890901061 -0.18836006987144 0.0246911143206549 0.0236858345493568 0.0243102355788919 -0.169771683740789 0.0139824766132594
cttatactgtcactaagagatcca LILSLRDP 1 0 1 NA FALSE FALSE FALSE 53 17 16 122 122 122 28.6666666666667 -0.0797955753803587 0.180105533369596 0.108875664469908 0.0408883755972583 0.0676816679419844 0.0644723920839079 0.0168225203807803 0.0307580996413592
ttgatactgtcactaagagatcca LILSLRDP 2 0 1 NA FALSE FALSE FALSE 15 14 28 264 264 264 19 0.368546840617124 0.395209526470992 0.156030632905053 0.0669233337595946 0.0722908837756884 0.04869805105504 0.267494277965783 0.0345794483135286
ttgatactgtcacttagagatcca LILSLRDP 3 0 2 NA FALSE FALSE FALSE 15963 16063 10605 60480 60480 60480 14210.3333333333 0.0300347533394193 0.0364896984586652 0.0443672250846422 0.00926914608916736 0.0127738610938394 0.00999605515677624 0.0366231793384255 0.00600024112478557
ttgatactgtcattgagagatcca LILSLRDP 4 0 2 NA FALSE FALSE FALSE 11451 12229 7635 37017 37017 37017 10438.3333333333 -0.00495220810594864 -0.0120997915713526 0.00830834872380556 0.00938010043381445 0.012846005106032 0.0101283392749403 -0.00178909244986237 0.00606635042642057
ttgatactttcactaagagatcca LILSLRDP 3 0 2 NA FALSE FALSE FALSE 23486 23058 16700 72997 72997 72997 21081.3333333333 -0.01361114170128 -0.00211625518274958 -0.01470689945025 0.0091929906867871 0.0127177662450961 0.00988766766759867 -0.0114916990214698 0.00595027539671125
ttgatattgtcactaagagatcca LILSLRDP 3 0 2 NA FALSE FALSE FALSE 105406 107444 70640 324041 324041 324041 94496.6666666667 -0.0160275265672477 -0.0129162287713607 -0.00398740006567697 0.00905008341250352 0.012605264850461 0.0097245812785312 -0.0109755340486654 0.00586437854722835
