nt_seq aa_seq Nham_nt Nham_aa Nmut_codons WT indel STOP STOP_readthrough count_e1_s0 count_e2_s0 count_e3_s0 count_e1_s1 count_e2_s1 count_e3_s1 mean_count fitness1_uncorr fitness2_uncorr fitness3_uncorr sigma1_uncorr sigma2_uncorr sigma3_uncorr fitness sigma
ctaatactgtcactaagagatcca LILSLRDP 0 0 0 TRUE FALSE FALSE FALSE 1445 1990 1557 497 497 497 1664 0.254670044052909 0.248039693417346 0.243888426998384 0.0140448482524604 0.0140745830433077 0.0132190138581176 0.24866191018525 0.00794543824999859
ctaatactgtcactaagagatcct LILSLRDP 1 0 1 NA FALSE FALSE FALSE 930 1203 840 89 89 89 991 -0.0632947224632219 -0.054623513248718 -0.0286316442947675 0.0281213277086589 0.0281696777481809 0.0279224092375278 -0.0487473657547647 0.0162065248970389
ctaatactgtcactaagggatcca LILSLRDP 1 0 1 NA FALSE FALSE FALSE 1386 1931 1363 148 148 148 1560 -0.0360576790569104 -0.0458279082254414 -0.0225690146709282 0.0221855031134628 0.0221954994290348 0.021738407312922 -0.0346475281437275 0.0127228847011246
ctaatactgtcactacgggatcca LILSLRDP 2 0 1 NA FALSE FALSE FALSE 18 16 19 1 1 1 17.6666666666667 -0.19846261752541 -0.0965789586232696 -0.201526323688814 0.255434209507179 0.258147817623764 0.255169499711813 -0.166031350796463 0.147940207333538
ctaatactgtcactacgtgatcca LILSLRDP 2 0 1 NA FALSE FALSE FALSE 150 161 147 13 13 13 152.666666666667 -0.0879355037851348 -0.0328605097648404 -0.0732883762801121 0.0720757364642535 0.0725668509986438 0.0721608159819745 -0.064831915197028 0.041723285497207
ctaatactgtcactgagagatcca LILSLRDP 1 0 1 NA FALSE FALSE FALSE 832 1054 752 68 68 68 879.333333333333 -0.102510236996615 -0.0886808269301593 -0.0677890912691969 0.0318278623870306 0.0318913394993337 0.0316628738851277 -0.0862591785678499 0.0183560359932295
ctaatactgtcacttagagatcca LILSLRDP 1 0 1 NA FALSE FALSE FALSE 180 224 198 23 23 23 200.666666666667 0.0085577932104572 0.0269197708860321 -0.00589954050893071 0.0553172023520975 0.0553586575672255 0.0550482668235149 0.00979954115001669 0.0318933256139156
ctaatactgtcattgagagatcca LILSLRDP 2 0 1 NA FALSE FALSE FALSE 368 491 443 27 27 27 434 -0.129334195095068 -0.128426163019188 -0.165274126941859 0.0498636756779745 0.0498088144595319 0.0493868334466051 -0.141158121021611 0.0286856861207636
ctaatactgtcgctaagagatcca LILSLRDP 1 0 1 NA FALSE FALSE FALSE 2435 3418 2546 241 241 241 2799.66666666667 -0.0549326921198306 -0.0665835371706157 -0.0564847126383566 0.0176600918552589 0.0177261203012298 0.0169864212082117 -0.0592411244704073 0.01007347899098
ctaatactttcactaagagatcca LILSLRDP 1 0 1 NA FALSE FALSE FALSE 287 341 296 31 31 31 308 -0.0332068250455455 -0.00336637463285791 -0.0314997557688827 0.0473141187730982 0.0474746240012627 0.0471599461415335 -0.0227537011151678 0.0273177358386708
ctaatattgtcactaagagatcca LILSLRDP 1 0 1 NA FALSE FALSE FALSE 1015 1311 1135 122 122 122 1153.66666666667 -0.00664363971309572 0.00244759358240315 -0.025073630639419 0.0244433739620555 0.0245026342089823 0.0239023486103234 -0.0100065486692414 0.0140170446662324
ctaattctgtcactaagagatcca LILSLRDP 1 0 1 NA FALSE FALSE FALSE 1768 2289 1808 161 161 161 1955 -0.0756356935681017 -0.0671935279948306 -0.0715806019732765 0.0211859031899076 0.0212772369353708 0.0206494926634384 -0.0714838891946848 0.0121428390260125
ctgatactgtcactaagagatcca LILSLRDP 1 0 1 NA FALSE FALSE FALSE 1386 1975 1434 127 127 127 1598.33333333333 -0.0740922452017584 -0.0895009147227221 -0.0729307386762618 0.023690042997584 0.023682094630011 0.0232085070944502 -0.0787622041456274 0.0135813685856417
cttatactgtcactaagagatcca LILSLRDP 1 0 1 NA FALSE FALSE FALSE 1226 1620 1323 130 130 130 1389.66666666667 -0.0378007077102997 -0.034400887766273 -0.0472529844961169 0.0235758601403415 0.0236237045244541 0.0230558564579739 -0.0399369058664941 0.0135181919557499
ttgattttgtctttgagagatcca LILSLRDP 7 0 5 NA FALSE FALSE FALSE 429 637 504 35 35 35 523.333333333333 -0.10295368228533 -0.128628744669146 -0.133025414919344 0.0440395674095118 0.043838611040519 0.0435887035626222 -0.121636307549453 0.0253001405703303
