nt_seq aa_seq Nham_nt Nham_aa Nmut_codons WT indel STOP STOP_readthrough count_e1_s0 count_e2_s0 count_e3_s0 count_e1_s1 count_e2_s1 count_e3_s1 mean_count fitness1_uncorr fitness2_uncorr fitness3_uncorr sigma1_uncorr sigma2_uncorr sigma3_uncorr fitness sigma
tttctggttttatctttgagagatcca FLVLSLRDP 2 0 1 NA FALSE FALSE FALSE 15750 15300 19762 222 222 222 16937.3333333333 -0.181646115156609 -0.181770262221425 -0.194285875673048 0.0259557566939305 0.0242603239105601 0.0227473590185261 -0.186462073943361 0.0139809249931021
tttctggttttgtctttgagagatcca FLVLSLRDP 3 0 2 NA FALSE FALSE FALSE 13 18 28 20 20 20 19.6666666666667 1.0105969124432 0.919190820424697 0.858699455930322 0.620074833718538 0.354856339279092 0.224072174987647 0.887440953511088 0.181192728201539
tttcttgttttatctttgagagatcca FLVLSLRDP 2 0 1 NA FALSE FALSE FALSE 22 28 27 18 18 18 25.6666666666667 0.850167740203961 0.780325433295336 0.841203774715368 0.478442407566995 0.287254324932463 0.228693174193806 0.821583799027277 0.167581936617795
tttttagtgttatctttgagagatcca FLVLSLRDP 1 0 1 NA FALSE FALSE FALSE 8628 8577 11622 44 44 44 9609 -0.439942112052429 -0.445627671992098 -0.470093645534733 0.0459311062534998 0.0433185132978032 0.0416887371269631 -0.452821266178374 0.0251393782864591
tttttagtgttatctttgagagatcct FLVLSLRDP 2 0 2 NA FALSE FALSE FALSE 15979 15938 18908 365 365 365 16941.6666666667 -0.0589881830706258 -0.0659546464086505 -0.0569950594829116 0.0235643573461751 0.021656570563826 0.0201677809413152 -0.0605454359310588 0.0125081744658641
tttttagttctgtctttgagagatcca FLVLSLRDP 2 0 1 NA FALSE FALSE FALSE 6386 6150 5561 42 42 42 6032.33333333333 -0.375312322871514 -0.373018832502491 -0.294966125108359 0.048797231115561 0.045252221326867 0.0439389920639888 -0.34534839507963 0.0264789100012409
tttttagttctttctttgagagatcca FLVLSLRDP 2 0 1 NA FALSE FALSE FALSE 5476 4220 5990 187 187 187 5228.66666666667 0.0431736362073808 0.101559454534221 0.0649053720929072 0.0363103634257049 0.0319602257977508 0.0269128347711945 0.071127500832677 0.0179083041410447
tttttagttttaagtttgcgtgatcca FLVLSLRDP 4 0 2 NA FALSE FALSE FALSE 10303 11120 12230 40 40 40 11217.6666666667 -0.509233440891143 -0.535711423469211 -0.507193970889163 0.0465079686752464 0.0443194732322664 0.0433447524977408 -0.517476229155708 0.0257881408449327
tttttagttttatcgttgagagatcca FLVLSLRDP 1 0 1 NA FALSE FALSE FALSE 40633 44309 54441 1156 1156 1156 46461 -0.00321659123643107 -0.0328767494073907 -0.0328304536520862 0.0156876246845401 0.0161095992030872 0.0155145239968827 -0.0228767091393215 0.00910175340634698
tttttagttttatctttgagagatcca FLVLSLRDP 0 0 0 TRUE FALSE FALSE FALSE 819 538 1568 2760 2760 2760 975 1.20981274269584 1.30741136855272 1.08740989284152 0.0783737165261055 0.0654014574619139 0.0319438206832007 1.13924911777393 0.0269523978855435
tttttagttttatctttgagagatccg FLVLSLRDP 1 0 1 NA FALSE FALSE FALSE 29109 28210 37746 387 387 387 31688.3333333333 -0.196498585149682 -0.196001192007536 -0.21745643008041 0.0201329997046069 0.0199689287677978 0.0190288742254801 -0.203818589971022 0.0113691081394736
tttttagttttatctttgagagatcct FLVLSLRDP 1 0 1 NA FALSE FALSE FALSE 16364 16853 19371 474 474 474 17529.3333333333 0.00135223288060514 -0.0138065294361095 0.00313492897536787 0.0225236703005409 0.020515163324535 0.0190916613906589 -0.00303752957626783 0.0118755744008657
tttttagttttatctttgagggatcca FLVLSLRDP 1 0 1 NA FALSE FALSE FALSE 17 12 14 9 9 9 14.3333333333333 0.739569405576112 0.819445420847771 0.831981420358472 0.546574767238297 0.437190845751799 0.317760368239675 0.811696724197943 0.232602179821436
tttttagttttatctttgcgggatcca FLVLSLRDP 2 0 1 NA FALSE FALSE FALSE 13168 12253 15606 234 234 234 13675.6666666667 -0.122781063283581 -0.112051022559619 -0.121062896431202 0.0268418609787662 0.0246884785962707 0.0228085103493042 -0.118558171643155 0.0142122051502327
tttttagttttatctttgcgtgatcca FLVLSLRDP 2 0 1 NA FALSE FALSE FALSE 34652 37701 41039 218 218 218 37797.3333333333 -0.386598297573166 -0.41524973056383 -0.384208248636174 0.0225256931134453 0.0225439465920429 0.0220990879169268 -0.39519846972453 0.0129249794508157
tttttagttttgtctttgagagatcca FLVLSLRDP 1 0 1 NA FALSE FALSE FALSE 32660 33932 39714 579 579 579 35435.3333333333 -0.123385754555661 -0.140627991545975 -0.128180304972755 0.0182076628469805 0.0181748621437302 0.0174691592203676 -0.130671642336087 0.010358062500047
tttttggttttatctttgagagatcca FLVLSLRDP 1 0 1 NA FALSE FALSE FALSE 20998 20177 27448 678 678 678 22874.3333333333 0.028942633362927 0.0313469256070445 0.0055246708395346 0.0199877562998975 0.0189309764910947 0.0174263357102197 0.0207428879364155 0.0107918426604113
tttttggttttatctttgagagatcct FLVLSLRDP 2 0 2 NA FALSE FALSE FALSE 18333 15675 20530 510 510 510 18179.3333333333 -0.00891586405472641 0.0231599827657208 0.00696238429839884 0.0215679929020194 0.0205208785234291 0.0187370203190929 0.00754977313786302 0.0116461902483213
