nt_seq aa_seq Nham_nt Nham_aa Nmut_codons WT indel STOP STOP_readthrough count_e1_s0 count_e2_s0 count_e3_s0 count_e1_s1 count_e2_s1 count_e3_s1 mean_count fitness1_uncorr fitness2_uncorr fitness3_uncorr sigma1_uncorr sigma2_uncorr sigma3_uncorr fitness sigma
tttctggttttatctttgagagatcca FLVLSLRDP 2 0 1 NA FALSE FALSE FALSE 15750 15300 19762 243 243 243 16937.3333333333 -0.190099667106727 -0.1907709435449 -0.20474953866735 0.0259957264382864 0.0253003833456904 0.0228968054888608 -0.195957372327627 0.0142141760268407
tttttagtgttatctttgagagatcca FLVLSLRDP 1 0 1 NA FALSE FALSE FALSE 8628 8577 11622 172 172 172 9609 -0.122623940134907 -0.129426847543247 -0.155998267532327 0.032045329176167 0.0285416800379977 0.0265477673674243 -0.138011058612633 0.0166200317622357
tttttagtgttatctttgagagatcct FLVLSLRDP 2 0 2 NA FALSE FALSE FALSE 15979 15938 18908 375 375 375 16941.6666666667 -0.0796601044438399 -0.0873886701021403 -0.0789760894412675 0.0239017879007721 0.0231705173152792 0.0206872852714612 -0.0818110091595949 0.0129644095187616
tttttagttctgtctttgagagatcca FLVLSLRDP 2 0 1 NA FALSE FALSE FALSE 6386 6150 5561 5 5 5 6032.33333333333 -0.97499500284718 -0.972619237108211 -0.892930196578904 0.121125163989882 0.119648519036237 0.119681703962135 -0.946628933917162 0.0693662741557956
tttttagttctttctttgagagatcca FLVLSLRDP 2 0 1 NA FALSE FALSE FALSE 5476 4220 5990 30 30 30 5228.66666666667 -0.462729382153916 -0.402224105537174 -0.441066461133455 0.0568498166600757 0.0534258548503219 0.0524850897073532 -0.434314838175712 0.0312686443472041
tttttagttttaagtttgcgtgatcca FLVLSLRDP 4 0 2 NA FALSE FALSE FALSE 10303 11120 12230 486 486 486 11217.6666666667 0.104161885545675 0.0755043941461809 0.103873527089604 0.0261261326978223 0.0229097768047203 0.0209038598291449 0.0943964935567909 0.0132934559395045
tttttagttttatcgttgagagatcca FLVLSLRDP 1 0 1 NA FALSE FALSE FALSE 40633 44309 54441 785 785 785 46461 -0.13088619960356 -0.162022735760104 -0.162846409156316 0.0174833102677279 0.0198951530100789 0.0164400107485014 -0.151618662335311 0.0102609111085489
tttttagttttatctttgagagatcca FLVLSLRDP 0 0 0 TRUE FALSE FALSE FALSE 819 538 1568 3507 3507 3507 975 1.29126760717478 1.39206496667677 1.16428007583051 0.0745918936907667 0.0486328075250944 0.0360546670568579 1.25112363885987 0.0269994161778721
tttttagttttatctttgagagatccg FLVLSLRDP 1 0 1 NA FALSE FALSE FALSE 29109 28210 37746 582 582 582 31688.3333333333 -0.121849470918773 -0.121960480350852 -0.145212049003514 0.0194898042026526 0.0209973109807628 0.0177611957654732 -0.131056884015359 0.0111312419473566
tttttagttttatctttgagagatcct FLVLSLRDP 1 0 1 NA FALSE FALSE FALSE 16364 16853 19371 241 241 241 17529.3333333333 -0.202345624991129 -0.218375685998688 -0.2016661683816 0.0258367665273624 0.0252148874444077 0.0229878341779687 -0.207166466494162 0.01419440122433
tttttagttttatctttgagggatcca FLVLSLRDP 1 0 1 NA FALSE FALSE FALSE 17 12 14 8 8 8 14.3333333333333 0.709827747671232 0.792274759765092 0.805257240076097 0.520270468962419 0.318473857539823 0.368036387063471 0.782304450713445 0.218548146776253
tttttagttttatctttgcgggatcca FLVLSLRDP 2 0 1 NA FALSE FALSE FALSE 13168 12253 15606 204 204 204 13675.6666666667 -0.189017659069624 -0.178370534839727 -0.188657159701799 0.0280313088637419 0.0266953141766365 0.0245491081317366 -0.185433384524317 0.0151878023215621
tttttagttttatctttgcgtgatcca FLVLSLRDP 2 0 1 NA FALSE FALSE FALSE 34652 37701 41039 682 682 682 37797.3333333333 -0.125996278537097 -0.15653886055227 -0.125501518417634 0.0183825453273649 0.0203355095368048 0.0171533538302555 -0.134220453218615 0.010674541474806
tttttagttttgtctttgagagatcca FLVLSLRDP 1 0 1 NA FALSE FALSE FALSE 32660 33932 39714 748 748 748 35435.3333333333 -0.0860845202726794 -0.104533164104449 -0.0925631331376523 0.0183516997087706 0.0201950871406839 0.0169326916100724 -0.0936982893971509 0.0105946480607152
tttttggttttatctttgagagatcca FLVLSLRDP 1 0 1 NA FALSE FALSE FALSE 20998 20177 27448 523 523 523 22874.3333333333 -0.0639922734138686 -0.0619204527837908 -0.0895140552469941 0.0212690997421547 0.0216789192070805 0.0186148087109531 -0.073577397379108 0.0117653262732595
tttttggttttatctttgagagatcct FLVLSLRDP 2 0 2 NA FALSE FALSE FALSE 18333 15675 20530 185 185 185 18179.3333333333 -0.301892211145978 -0.268876225524138 -0.286530092156872 0.0269332195618195 0.0269765981753207 0.024703996507945 -0.285828448625328 0.0150905826582393
