nt_seq aa_seq Nham_nt Nham_aa Nmut_codons WT indel STOP STOP_readthrough count_e1_s0 count_e2_s0 count_e3_s0 count_e1_s1 count_e2_s1 count_e3_s1 mean_count fitness1_uncorr fitness2_uncorr fitness3_uncorr sigma1_uncorr sigma2_uncorr sigma3_uncorr fitness sigma
tttctggttttatctttgagagatcca FLVLSLRDP 2 0 1 NA FALSE FALSE FALSE 15750 15300 19762 549 549 549 16937.3333333333 -0.113504357854601 -0.115195153690292 -0.128567298488245 0.0235208546688255 0.0220899591689663 0.0198211705652608 -0.12003412855682 0.0124978515537482
tttctggttttgtctttgagagatcca FLVLSLRDP 3 0 2 NA FALSE FALSE FALSE 13 18 28 34 34 34 19.6666666666667 1.05035369929684 0.952519278640174 0.888289827372654 0.527204757068044 0.142263569598125 0.171604624510871 0.931486690114699 0.107232472182366
tttcttgttttatctttgagagatcca FLVLSLRDP 2 0 1 NA FALSE FALSE FALSE 22 28 27 26 26 26 25.6666666666667 0.83624102910726 0.761228541595367 0.825867366917815 0.407247983777737 0.120623977752271 0.176375064528104 0.784896314983017 0.0967173821328789
tttttagtgttatctttgagagatcca FLVLSLRDP 1 0 1 NA FALSE FALSE FALSE 8628 8577 11622 416 416 416 9609 -0.0260610066899252 -0.0340139539215384 -0.060343542642016 0.0279879166270579 0.0233802705100874 0.0214945787587811 -0.0429004748530684 0.0137745723225212
tttttagtgttatctttgagagatcct FLVLSLRDP 2 0 2 NA FALSE FALSE FALSE 15979 15938 18908 342 342 342 16941.6666666667 -0.244966154781782 -0.253698006945468 -0.244076759752663 0.0251011749521676 0.0238155832232099 0.0217854152496211 -0.247443809647547 0.0135367101603604
tttttagttctgtctttgagagatcca FLVLSLRDP 2 0 1 NA FALSE FALSE FALSE 6386 6150 5561 192 192 192 6032.33333333333 -0.153361762299432 -0.152694431589338 -0.0700524160361032 0.0336581720832192 0.0276584472458821 0.0271410798783132 -0.121235384081768 0.0167896880226428
tttttagttctttctttgagagatcca FLVLSLRDP 2 0 1 NA FALSE FALSE FALSE 5476 4220 5990 254 254 254 5228.66666666667 -0.0364958361155518 0.0241461540273316 -0.0147285460722078 0.0336711356154953 0.0263905628903638 0.0251917912093362 -0.00532387028018814 0.0160259877109689
tttttagttttaagtttgcgtgatcca FLVLSLRDP 4 0 2 NA FALSE FALSE FALSE 10303 11120 12230 294 294 294 11217.6666666667 -0.167443348855368 -0.197468902941714 -0.167504486815742 0.0280763773118731 0.0247091079306027 0.0230466435381892 -0.177736069339518 0.0144500380145763
tttttagttttatcgttgagagatcca FLVLSLRDP 1 0 1 NA FALSE FALSE FALSE 40633 44309 54441 1037 1037 1037 46461 -0.197534485872001 -0.230316614221107 -0.230148165151282 0.0187521284748671 0.0202987711159971 0.0174995479755312 -0.219330976239937 0.0108234858868253
tttttagttttatctttgagagatcca FLVLSLRDP 0 0 0 TRUE FALSE FALSE FALSE 819 538 1568 4935 4935 4935 975 1.27531695309546 1.37822074032535 1.14465818824742 0.067697557210879 0.0307245859826093 0.0268480506382221 1.24820217902055 0.0193715724596478
tttttagttttatctttgagagatccg FLVLSLRDP 1 0 1 NA FALSE FALSE FALSE 29109 28210 37746 693 693 693 31688.3333333333 -0.216274149018605 -0.217263720618715 -0.240059245717529 0.0205263086432453 0.0212348067895581 0.0186313795512923 -0.225738137633675 0.0115686804641505
tttttagttttatctttgagagatcct FLVLSLRDP 1 0 1 NA FALSE FALSE FALSE 16364 16853 19371 330 330 330 17529.3333333333 -0.261011058217609 -0.278357834500243 -0.260203508713644 0.0251499178378647 0.0239543934889221 0.0219399186035578 -0.266297531768545 0.0136068187349729
tttttagttttatctttgagggatcca FLVLSLRDP 1 0 1 NA FALSE FALSE FALSE 17 12 14 13 13 13 14.3333333333333 0.71890448528687 0.802754710560576 0.816077829892935 0.465345245697096 0.18047997797625 0.244922830116063 0.799578678100669 0.138690480130722
tttttagttttatctttgcgggatcca FLVLSLRDP 2 0 1 NA FALSE FALSE FALSE 13168 12253 15606 490 490 490 13675.6666666667 -0.0958877144720727 -0.0859965876320938 -0.0956160115113403 0.0247744198966353 0.0225630198634761 0.0204698388307928 -0.0925303409912532 0.0129313928882599
tttttagttttatctttgcgtgatcca FLVLSLRDP 2 0 1 NA FALSE FALSE FALSE 34652 37701 41039 1863 1863 1863 37797.3333333333 0.00329627673815448 -0.028988355185799 0.00362369954808206 0.0183248291235398 0.0195514780201532 0.0167261192282923 -0.00578780217614365 0.0104436489346978
tttttagttttgtctttgagagatcca FLVLSLRDP 1 0 1 NA FALSE FALSE FALSE 32660 33932 39714 1519 1519 1519 35435.3333333333 -0.035768866143032 -0.0556058711363824 -0.0424918033030608 0.0187333265762551 0.0197997256325142 0.0170058700164 -0.0441055347391151 0.0106249828259117
tttttggttttatctttgagagatcca FLVLSLRDP 1 0 1 NA FALSE FALSE FALSE 20998 20177 27448 894 894 894 22874.3333333333 -0.0595904127102589 -0.0583769319070113 -0.0857470952196613 0.0211022369609655 0.0207815629196293 0.0181969405421512 -0.0696394126150216 0.0114850591169672
tttttggttttatctttgagagatcct FLVLSLRDP 2 0 2 NA FALSE FALSE FALSE 18333 15675 20530 812 812 812 18179.3333333333 -0.0489383664934432 -0.0162796249379269 -0.0334716620945473 0.0218704308634016 0.0210862058837827 0.0186718296545255 -0.032593429531668 0.0117785295207107
