nt_seq aa_seq Nham_nt Nham_aa Nmut_codons WT indel STOP STOP_readthrough count_e1_s0 count_e2_s0 count_e3_s0 count_e1_s1 count_e2_s1 count_e3_s1 mean_count fitness1_uncorr fitness2_uncorr fitness3_uncorr sigma1_uncorr sigma2_uncorr sigma3_uncorr fitness sigma
tttctggttttatctttgagagatcca FLVLSLRDP 2 0 1 NA FALSE FALSE FALSE 325 283 265 9 9 9 291 -0.0186301925539515 -0.0111890786302784 -0.0421170955629754 0.0791923597177969 0.0791275536787179 0.0793970909108705 -0.0239406176983652 0.0457485147362978
tttcttgttttatctttgagagatcca FLVLSLRDP 2 0 1 NA FALSE FALSE FALSE 1548 1460 1181 14 14 14 1396.33333333333 -0.280662185654001 -0.290553496908552 -0.287622166489956 0.0629479145161297 0.0627728231350636 0.0629142913265324 -0.286287702007004 0.0363027489032463
tttttagtgttatctttgagagatcca FLVLSLRDP 1 0 1 NA FALSE FALSE FALSE 205 233 185 3 3 3 207.666666666667 -0.167972564103279 -0.221882079784916 -0.214542175172239 0.136213593296557 0.135747241544231 0.13616225408369 -0.201515606712936 0.078543047178694
tttttagttctgtctttgagagatcca FLVLSLRDP 2 0 1 NA FALSE FALSE FALSE 1452 1275 1049 25 25 25 1258.66666666667 -0.129904762082035 -0.123875873616937 -0.124735857484687 0.0473457644542668 0.0472342494794612 0.0474153274134298 -0.126169951028029 0.0273269143454502
tttttagttctttctttgagagatcca FLVLSLRDP 2 0 1 NA FALSE FALSE FALSE 1328 1276 1059 20 20 20 1221 -0.161252212376492 -0.176054339169582 -0.178996397160035 0.0528528662942333 0.0526939578930327 0.0528566013242277 -0.1721086031304 0.0304846590733852
tttttagttttatcgttgagagatcca FLVLSLRDP 1 0 1 NA FALSE FALSE FALSE 1365 1248 1023 14 14 14 1212 -0.251203496359572 -0.253994812881571 -0.254122760605152 0.0629856202254497 0.0628234291632326 0.0629776114725788 -0.253108636458707 0.0363319330646002
tttttagttttatctctgagagatcca FLVLSLRDP 1 0 1 NA FALSE FALSE FALSE 801 630 580 8 8 8 670.333333333333 -0.257424256794192 -0.225109828967075 -0.25229156803992 0.0832626905644883 0.08314231957627 0.0832918001583465 -0.244921032394073 0.0480541299570801
tttttagttttatctcttagagatcca FLVLSLRDP 2 0 1 NA FALSE FALSE FALSE 1621 1554 1145 20 20 20 1440 -0.207935191305422 -0.221982064740836 -0.197208219197304 0.0527822216310389 0.0526212364333976 0.0528156899535469 -0.209073204402742 0.030449170756221
tttttagttttatctttgagagatcca FLVLSLRDP 0 0 0 TRUE FALSE FALSE FALSE 5266 4684 3879 420 420 420 4609.66666666667 0.229064084511303 0.230347052271095 0.22831578990622 0.0123167473355381 0.0121387716428527 0.0122977201276257 0.229252123189246 0.007072711439171
tttttagttttatctttgagagatccg FLVLSLRDP 1 0 1 NA FALSE FALSE FALSE 1786 1668 1346 20 20 20 1600 -0.230632909613108 -0.238477903233598 -0.234931854315902 0.0527526125676859 0.0525984029855387 0.0527403768644169 -0.234688344474118 0.0304246220550304
tttttagttttatctttgagagatcct FLVLSLRDP 1 0 1 NA FALSE FALSE FALSE 1107 1135 841 16 16 16 1027.66666666667 -0.170881339698917 -0.200764645130306 -0.177283166947471 0.0590509575388486 0.0588556470463161 0.0590883668867828 -0.18301812968254 0.0340625450875199
tttttagttttatctttgcgggatcca FLVLSLRDP 2 0 1 NA FALSE FALSE FALSE 474 459 428 5 5 5 453.666666666667 -0.244627773064969 -0.260838945835436 -0.291033589002732 0.105318487907811 0.105057329487134 0.105218892118453 -0.265508469438129 0.0607361347922797
tttttagttttatctttgcgtgatcca FLVLSLRDP 2 0 1 NA FALSE FALSE FALSE 1342 1242 991 21 21 21 1191.66666666667 -0.152283392398082 -0.158392420865028 -0.152136616543109 0.0515989566645015 0.0514579191527206 0.051650099447783 -0.154279749016604 0.0297732602415695
tttttagttttgtctttgagagatcca FLVLSLRDP 1 0 1 NA FALSE FALSE FALSE 1075 1066 785 12 12 12 975.333333333333 -0.231374661507499 -0.253184325329852 -0.228311566654735 0.068049513546766 0.0678512722480001 0.068076648118444 -0.237656290196145 0.0392553467444154
tttttggttttatctttgagagatcca FLVLSLRDP 1 0 1 NA FALSE FALSE FALSE 1222 1139 919 32 32 32 1093.33333333333 -0.031721156014737 -0.0400707534372326 -0.0362964110158736 0.0420593034982335 0.0419378021753316 0.0421728205606978 -0.0360367775976819 0.0242812239670631
