nt_seq aa_seq Nham_nt Nham_aa Nmut_codons WT indel STOP STOP_readthrough count_e1_s0 count_e2_s0 count_e3_s0 count_e1_s1 count_e2_s1 count_e3_s1 mean_count fitness1_uncorr fitness2_uncorr fitness3_uncorr sigma1_uncorr sigma2_uncorr sigma3_uncorr fitness sigma
gattgggtgagaaggtatacactc DWVRRYTL 2 0 1 NA FALSE FALSE FALSE 1239 916 886 139 139 139 1013.66666666667 -0.372195010274775 -0.374921144202354 -0.3623938243099 0.0316802163429818 0.0323910754247316 0.0322670197685899 -0.36985293269792 0.0185377037536263
gattgggtgagacgttatacactc DWVRRYTL 0 0 0 TRUE FALSE FALSE FALSE 4158 3244 3047 3483 3483 3483 3483 0.335427886881902 0.320661936812528 0.335049722796101 0.00881767563608129 0.00932122404622023 0.00940447161896262 0.330544601190903 0.00529422834887518
gattgggtgagacgttatacactg DWVRRYTL 1 0 1 NA FALSE FALSE FALSE 1819 1358 1217 315 315 315 1464.66666666667 -0.219397696129738 -0.224065573187893 -0.186566153634108 0.0217665030959358 0.0223999227987777 0.0225024332992702 -0.210261433323563 0.0128262470662007
gattgggtgagacgttatacactt DWVRRYTL 1 0 1 NA FALSE FALSE FALSE 161 125 132 22 22 22 139.333333333333 -0.302777447363903 -0.322210647443846 -0.341152990634427 0.0800812182853939 0.0818595088853639 0.0810389813226114 -0.321891593629046 0.0467558134921343
gattgggtgagacgttatacattg DWVRRYTL 2 0 1 NA FALSE FALSE FALSE 2616 2025 1925 397 397 397 2188.66666666667 -0.265856704351555 -0.283858312928461 -0.266345778359675 0.0192820723807626 0.0197322088443956 0.0196965283943484 -0.271918093782363 0.0112970356348692
gattgggtgagacgttatacgctc DWVRRYTL 1 0 1 NA FALSE FALSE FALSE 1140 953 840 179 179 179 977.666666666667 -0.253865790406374 -0.299088104746181 -0.254851930570814 0.028515874685481 0.02902960593609 0.0291561836536892 -0.269124909202562 0.0166834283123451
gattgggtgaggcgttatacactc DWVRRYTL 1 0 1 NA FALSE FALSE FALSE 3426 2566 2462 480 480 480 2818 -0.293978352427316 -0.300541513708042 -0.286081680691778 0.0175112168496297 0.017939689334092 0.0178916056772178 -0.293527927197523 0.0102639647190703
gattgggtgcggcgttatacactc DWVRRYTL 2 0 1 NA FALSE FALSE FALSE 150 102 121 22 22 22 124.333333333333 -0.277868635494755 -0.249922806620767 -0.310596017042478 0.0804327639269957 0.0832267862024862 0.0815625246585428 -0.27983873464297 0.0471791164804354
gattgggtgcgtcgttatacactc DWVRRYTL 2 0 1 NA FALSE FALSE FALSE 932 647 643 117 117 117 740.666666666667 -0.332623702274343 -0.31257696090751 -0.310323041002903 0.0347009991061631 0.0357105398541012 0.0355119076816305 -0.318749399132509 0.0203802532480617
gattgggttagaagatatactttg DWVRRYTL 6 0 4 NA FALSE FALSE FALSE 481 231 328 51 51 51 346.666666666667 -0.392065896181287 -0.241626030987748 -0.36553514743924 0.0519525289020425 0.054840925932789 0.0530368798188596 -0.33589885081122 0.0307364912487129
