nt_seq aa_seq Nham_nt Nham_aa Nmut_codons WT indel STOP STOP_readthrough count_e1_s0 count_e2_s0 count_e3_s0 count_e1_s1 count_e2_s1 count_e3_s1 mean_count fitness1_uncorr fitness2_uncorr fitness3_uncorr sigma1_uncorr sigma2_uncorr sigma3_uncorr fitness sigma
ctaatactgtcactaagagatcca LILSLRDP 0 0 0 TRUE FALSE FALSE FALSE 42139 43095 29643 156531 156531 156531 38292.3333333333 -0.00166171005633808 0.000433547133473416 0.00153614468109327 0.0098337187809806 0.0124231299290901 0.00996877994987259 4.02906259732086e-05 0.00609900949733456
ctaatactgtcactaagggatcca LILSLRDP 1 0 1 NA FALSE FALSE FALSE 37 13 10 64 64 64 20 -0.187297899173874 0.0743755828667794 0.0483911284043824 0.0571088208434928 0.0849973490150788 0.0902121290448585 -0.0725246229878431 0.0419624309684611
ctaatactgtcactgagagatcca LILSLRDP 1 0 1 NA FALSE FALSE FALSE 1852 2052 2315 7487 7487 7487 2073 0.018891119905672 0.00152927076529343 -0.11793949564233 0.0121281078919006 0.0141049542053004 0.0116294989881461 -0.0382916882257797 0.00721333213334597
ctaatactgtcgctaagagatcca LILSLRDP 1 0 1 NA FALSE FALSE FALSE 47 41 43 260 260 260 43.6666666666667 0.0950657715000593 0.135938094415592 0.0345453072846542 0.0457039183520325 0.0482611778948726 0.044489524258007 0.0858474960545531 0.0266000715026106
ctaatattgagtctaagagatcca LILSLRDP 4 0 2 NA FALSE FALSE FALSE 54144 55317 39233 201040 201040 201040 49564.6666666667 -0.00176460979375804 0.00057373570249561 -0.00578500102427667 0.00980721467106867 0.0124032556806635 0.00993508956039009 -0.00270921798127127 0.00608261496963284
ctaatattgtcactaagagatcca LILSLRDP 1 0 1 NA FALSE FALSE FALSE 27 17 28 78 78 78 24 -0.0627235629017773 0.057247743213338 -0.154311809569427 0.062670469932075 0.0749128978992749 0.058284987468021 -0.0704006853464611 0.0370837158381767
ctaattctgtcactaagagatcca LILSLRDP 1 0 1 NA FALSE FALSE FALSE 165 267 167 266 266 266 199.666666666667 -0.204400069240912 -0.314119496647452 -0.290537071721715 0.0286290454516867 0.0259528130187008 0.0272995605333805 -0.27321829271384 0.0157201789235626
cttatactgtcactaagagatcca LILSLRDP 1 0 1 NA FALSE FALSE FALSE 53 17 16 57 57 57 28.6666666666667 -0.30271545716383 -0.0190215690971052 -0.0943733209504995 0.0519304595603792 0.0767521804410893 0.0747194476009009 -0.183947397964453 0.037276023382092
ttgatactgtcactaagagatcca LILSLRDP 2 0 1 NA FALSE FALSE FALSE 15 14 28 111 111 111 19 0.165730465212968 0.190251358575053 -0.068331437916855 0.0785130899636585 0.0799659688335414 0.0563164630430701 0.0553585837332029 0.0397178570367124
ttgatactgtcacttagagatcca LILSLRDP 3 0 2 NA FALSE FALSE FALSE 15963 16063 10605 61867 61867 61867 14210.3333333333 0.00864437355954826 0.0146879749642572 0.0258161515928868 0.0100255443169259 0.0125711322497928 0.0102110292879868 0.0164894869727106 0.0062175615165401
ttgatactgtcattgagagatcca LILSLRDP 4 0 2 NA FALSE FALSE FALSE 11451 12229 7635 44291 44291 44291 10438.3333333333 0.00815644364236803 -0.000265729775735315 0.0244459165594644 0.0101459639284259 0.0126480258078284 0.0103564114882376 0.0120802156332343 0.00628831754066261
ttgatactttcactaagagatcca LILSLRDP 3 0 2 NA FALSE FALSE FALSE 23486 23058 16700 86441 86441 86441 21081.3333333333 -0.00390173400407033 0.00811797897304777 -0.00333156108810847 0.00992841428948292 0.0125000853978552 0.0100768991764113 -0.000774335791212336 0.00615543802506059
ttgatattgtcactaagagatcca LILSLRDP 3 0 2 NA FALSE FALSE FALSE 105406 107444 70640 382573 382573 382573 94496.6666666667 -0.00729176196750353 -0.00440472361321763 0.00770034571897598 0.00976196766568193 0.0123693249456272 0.00988735531422251 -0.000973558539342483 0.00605685723370975
