nt_seq aa_seq Nham_nt Nham_aa Nmut_codons WT indel STOP STOP_readthrough count_e1_s0 count_e2_s0 count_e3_s0 count_e1_s1 count_e2_s1 count_e3_s1 mean_count fitness1_uncorr fitness2_uncorr fitness3_uncorr sigma1_uncorr sigma2_uncorr sigma3_uncorr fitness sigma
ctaatactgtcactaagagatcca LILSLRDP 0 0 0 TRUE FALSE FALSE FALSE 1445 1990 1557 344 344 344 1664 0.314427887940068 0.30680710759373 0.301886128217119 0.0168798907804409 0.0164802428326486 0.0164468996128088 0.30759271152364 0.00958337123930334
ctaatactgtcactaagagatcct LILSLRDP 1 0 1 NA FALSE FALSE FALSE 930 1203 840 56 56 56 991 -0.0606973161948137 -0.0514636573814567 -0.0234591524884469 0.0377808748318424 0.0375759455207536 0.037669388161431 -0.0451866595894704 0.0217517427154785
ctaatactgtcactaagggatcca LILSLRDP 1 0 1 NA FALSE FALSE FALSE 1386 1931 1363 68 68 68 1560 -0.116596346641322 -0.127669687510721 -0.102172890958655 0.0341446380249772 0.0339425830246073 0.0339350266957162 -0.115473249486885 0.0196339513740503
ctaatactgtcactacgtgatcca LILSLRDP 2 0 1 NA FALSE FALSE FALSE 150 161 147 15 15 15 152.666666666667 0.0777284496881733 0.13801617531945 0.0921240766164329 0.0740731228132695 0.0740186377597638 0.0738385058607307 0.102618013463884 0.0427103819039803
ctaatactgtcactgagagatcca LILSLRDP 1 0 1 NA FALSE FALSE FALSE 832 1054 752 39 39 39 879.333333333333 -0.129040752772788 -0.11415247995949 -0.0916479534136727 0.0449075917006454 0.044737011088135 0.0447895800387106 -0.111585200521861 0.0258717723154809
ctaatactgtcacttagagatcca LILSLRDP 1 0 1 NA FALSE FALSE FALSE 180 224 198 12 12 12 200.666666666667 -0.0329212522151922 -0.0131009871692361 -0.0493390944270543 0.0815087479325819 0.0811255020682176 0.0809762124758922 -0.0318051915601694 0.0468823197960976
ctaatactgtcattgagagatcca LILSLRDP 2 0 1 NA FALSE FALSE FALSE 368 491 443 29 29 29 434 0.0127241337894364 0.0135489661402014 -0.0284075148466501 0.0528223903701118 0.0524131597412517 0.0522502770639572 -0.000838634099103851 0.0303072087428167
ctaatactgtcgctaagagatcca LILSLRDP 1 0 1 NA FALSE FALSE FALSE 2435 3418 2546 152 152 152 2799.66666666667 -0.0508699636938952 -0.0639455791597626 -0.05342238745906 0.0231738976532905 0.0229887342484384 0.0228929530024035 -0.0560995728341503 0.0132892431464478
ctaatactttcactaagagatcca LILSLRDP 1 0 1 NA FALSE FALSE FALSE 287 341 296 12 12 12 308 -0.16023403825001 -0.127858179452588 -0.158520806169181 0.0805383923236012 0.080368407708792 0.0802066271477402 -0.148868025237577 0.0464021029988798
ctaatattgtcactaagagatcca LILSLRDP 1 0 1 NA FALSE FALSE FALSE 1015 1311 1135 46 46 46 1153.66666666667 -0.138245990184647 -0.128657821868596 -0.158600563511403 0.0413480114127605 0.0411798256440423 0.041032743636321 -0.141884655873453 0.0237788961181162
ctaattctgtcactaagagatcca LILSLRDP 1 0 1 NA FALSE FALSE FALSE 1768 2289 1808 105 105 105 1955 -0.064466278652883 -0.0554746073505978 -0.0609215915487025 0.027714648357031 0.0275582424570128 0.0274626340289379 -0.0602732690371703 0.0159221208170233
ctgatactgtcactaagagatcca LILSLRDP 1 0 1 NA FALSE FALSE FALSE 1386 1975 1434 90 90 90 1598.33333333333 -0.0401031336199901 -0.0572780225761383 -0.0398497921176639 0.0299690872564214 0.0297201852148844 0.0297071903540999 -0.0457731855989963 0.0172039367994197
cttatactgtcactaagagatcca LILSLRDP 1 0 1 NA FALSE FALSE FALSE 1226 1620 1323 48 48 48 1389.66666666667 -0.178172987169626 -0.174828795500004 -0.188661974977114 0.0403649448295626 0.040207747457801 0.0400908765336327 -0.180576550415376 0.0232214433289549
ttgattttgtctttgagagatcca LILSLRDP 7 0 5 NA FALSE FALSE FALSE 429 637 504 29 29 29 523.333333333333 -0.0291309726336747 -0.0575401276169233 -0.0634371484647633 0.0525439927183364 0.0520564914659518 0.0520559686235307 -0.0501656743414009 0.0301476752191288
