nt_seq aa_seq Nham_nt Nham_aa Nmut_codons WT indel STOP STOP_readthrough count_e1_s0 count_e2_s0 count_e3_s0 count_e1_s1 count_e2_s1 count_e3_s1 mean_count fitness1_uncorr fitness2_uncorr fitness3_uncorr sigma1_uncorr sigma2_uncorr sigma3_uncorr fitness sigma
ctaatactgtcactaagagatcca LILSLRDP 0 0 0 TRUE FALSE FALSE FALSE 42139 43095 29643 4927 4927 4927 38292.3333333333 0.186035527343738 0.183627733831532 0.188837709311034 0.00997736083942065 0.00849522146172984 0.0100010793756102 0.185877779769098 0.00543128011396408
ctaatactgtcactaagggatcca LILSLRDP 1 0 1 NA FALSE FALSE FALSE 37 13 10 5 5 5 20 0.220439400301897 0.47195890387213 0.451390501403825 0.13867384548742 0.197846850011766 0.130702705548142 0.367000617061046 0.0857224892852344
ctaatactgtcactgagagatcca LILSLRDP 1 0 1 NA FALSE FALSE FALSE 1852 2052 2315 60 60 60 2073 -0.118979991288051 -0.140444903715133 -0.254172212204808 0.0343427074992119 0.0342022557814327 0.0324859860298109 -0.174239060970751 0.0194246655283428
ctaatactgtcgctaagagatcca LILSLRDP 1 0 1 NA FALSE FALSE FALSE 47 41 43 64 64 64 43.6666666666667 0.769475712608242 0.804890281984437 0.711435790625436 0.0845339360292009 0.0987305836303608 0.047847832068073 0.737505027413306 0.0383674520794149
ctaatattgagtctaagagatcca LILSLRDP 4 0 2 NA FALSE FALSE FALSE 54144 55317 39233 2404 2404 2404 49564.6666666667 -0.0440794808835691 -0.046261775238089 -0.0490510220162461 0.0104904586801448 0.00907456940364774 0.0105651576621354 -0.0464326352829526 0.00575538466187311
ctaatattgtcactaagagatcca LILSLRDP 1 0 1 NA FALSE FALSE FALSE 27 17 28 9 9 9 24 0.435011228227857 0.547899380654062 0.346061063964979 0.130837870966234 0.166080642017267 0.0916790393943071 0.404632850869407 0.0684150717837937
ctaattctgtcactaagagatcca LILSLRDP 1 0 1 NA FALSE FALSE FALSE 165 267 167 10 10 10 199.666666666667 0.0298678061863761 -0.0816071949605256 -0.0545398825106302 0.0865461588205593 0.0839877207961943 0.0780473780381253 -0.0376277464372894 0.0477036061479862
cttatactgtcactaagagatcca LILSLRDP 1 0 1 NA FALSE FALSE FALSE 53 17 16 4 4 4 28.6666666666667 0.0820006740284996 0.355166809737485 0.286149689775192 0.140298536894382 0.18822243519456 0.133384363080701 0.223863669844869 0.0859908517987644
ttgatactgtcactaagagatcca LILSLRDP 2 0 1 NA FALSE FALSE FALSE 15 14 28 1 1 1 19 0.0525188316235774 0.0718330729386406 -0.177739916075245 0.275558874203428 0.286957693380012 0.242415553579658 -0.0345041487525092 0.153699849376022
ttgatactgtcacttagagatcca LILSLRDP 3 0 2 NA FALSE FALSE FALSE 15963 16063 10605 251 251 251 14210.3333333333 -0.290781202624489 -0.28936684394581 -0.275820008397772 0.0180114579542297 0.0173161148453381 0.017823354995639 -0.285364474388998 0.0102246387473539
ttgatactgtcattgagagatcca LILSLRDP 4 0 2 NA FALSE FALSE FALSE 11451 12229 7635 613 613 613 10438.3333333333 0.000373041028496335 -0.0123356099116619 0.0153746648127315 0.0140961439624604 0.0131912661883356 0.0136548468382049 0.000832871019121106 0.00787066845820534
ttgatactttcactaagagatcca LILSLRDP 3 0 2 NA FALSE FALSE FALSE 23486 23058 16700 1131 1131 1131 21081.3333333333 -0.0247792452632341 -0.0174954074830502 -0.0251932912841393 0.0119791146316695 0.0108596370445463 0.0118362585620675 -0.0221755278230498 0.00665395137070636
ttgatattgtcactaagagatcca LILSLRDP 3 0 2 NA FALSE FALSE FALSE 105406 107444 70640 4071 4071 4071 94496.6666666667 -0.0772129285838369 -0.078854410612554 -0.0636701014243943 0.00989036464502008 0.00834013234262051 0.0100662912837294 -0.0740200825871651 0.00538630309185248
