nt_seq aa_seq Nham_nt Nham_aa Nmut_codons WT indel STOP STOP_readthrough count_e1_s0 count_e2_s0 count_e3_s0 count_e1_s1 count_e2_s1 count_e3_s1 mean_count fitness1_uncorr fitness2_uncorr fitness3_uncorr sigma1_uncorr sigma2_uncorr sigma3_uncorr fitness sigma
tttctggttttatctttgagagatcca FLVLSLRDP 2 0 1 NA FALSE FALSE FALSE 325 283 265 824 824 824 291 0.0167495706830172 0.0210299248829403 -0.00698311276170837 0.0175724725190803 0.0167643529207841 0.0156565968428617 0.00924807283274926 0.00958878990476171
tttcttgttttatctttgagagatcca FLVLSLRDP 2 0 1 NA FALSE FALSE FALSE 1548 1460 1181 3788 3788 3788 1396.33333333333 0.00897878915058024 -0.00363483100324473 -0.000305579396605292 0.0101566855532638 0.00936444269043231 0.00787671971144333 0.00109267305570051 0.00518369831045934
tttttagtgttatctttgagagatcca FLVLSLRDP 1 0 1 NA FALSE FALSE FALSE 205 233 185 624 624 624 207.666666666667 0.0567953105649541 0.00314726138495056 0.0105205645406614 0.0211199155979219 0.0184090468132377 0.0184549558406803 0.0206064526960367 0.0110914091964768
tttttagttctgtctttgagagatcca FLVLSLRDP 2 0 1 NA FALSE FALSE FALSE 1452 1275 1049 3331 3331 3331 1258.66666666667 -0.00516110487710328 -0.00215380623109607 -0.00246603761353429 0.010378279702801 0.00972538354382422 0.00829370397528543 -0.00309754541039755 0.00539203373387753
tttttagttctttctttgagagatcca FLVLSLRDP 2 0 1 NA FALSE FALSE FALSE 1328 1276 1059 3388 3388 3388 1221 0.0181122971735472 0.00130741822608072 -0.000856790749976157 0.0105688417158307 0.00971155556042475 0.00825360653962082 0.00477395022962661 0.0054046234735284
tttttagttttatcgttgagagatcca FLVLSLRDP 1 0 1 NA FALSE FALSE FALSE 1365 1248 1023 3444 3444 3444 1212 0.0156835124178328 0.00955918032155784 0.0101116747644815 0.0104941003691444 0.00974721737776052 0.00833464481056128 0.0114286754552996 0.00542315244527888
tttttagttttatctctgagagatcca FLVLSLRDP 1 0 1 NA FALSE FALSE FALSE 801 630 580 1973 1973 1973 670.333333333333 0.010419239047508 0.0366145469066071 0.0123467690495386 0.0124290024184869 0.0120923706687331 0.0107217801649684 0.0193198164586008 0.0067403108750314
tttttagttttatctcttagagatcca FLVLSLRDP 2 0 1 NA FALSE FALSE FALSE 1621 1554 1145 3106 3106 3106 1440 -0.0446028823593065 -0.0594350950617896 -0.0363538258006195 0.0101992541843763 0.00939381688092167 0.00812607833202299 -0.0457987858823027 0.00526394214708078
tttttagttttatctttgagagatcca FLVLSLRDP 0 0 0 TRUE FALSE FALSE FALSE 5266 4684 3879 12674 12674 12674 4609.66666666667 0.0053437268406485 0.00534769500955655 0.00367449030153835 0.00801526476117939 0.00737462484940693 0.00504819531317648 0.00444981833303118 0.00369628771330385
tttttagttttatctttgagagatccg FLVLSLRDP 1 0 1 NA FALSE FALSE FALSE 1786 1668 1346 4241 4241 4241 1600 0.00239476843121534 -0.00796113464324759 -0.00413851638431818 0.00980494295150093 0.00905032357190812 0.00747047208238846 -0.00361324854988278 0.00496725009737866
tttttagttttatctttgagagatcct FLVLSLRDP 1 0 1 NA FALSE FALSE FALSE 1107 1135 841 2783 2783 2783 1027.66666666667 0.0148941147460094 -0.0157199583788467 0.00641079572344574 0.0111659337465821 0.0101196976094727 0.00909476733769128 0.00145480383074468 0.00578554649948114
tttttagttttatctttgcgggatcca FLVLSLRDP 2 0 1 NA FALSE FALSE FALSE 474 459 428 1204 1204 1204 453.666666666667 0.0171552872241457 -0.0012923002083505 -0.028532871423276 0.0150573800049744 0.0138670354092673 0.0126156212998271 -0.0069417202398218 0.00793195916299703
tttttagttttatctttgcgtgatcca FLVLSLRDP 2 0 1 NA FALSE FALSE FALSE 1342 1242 991 2963 2963 2963 1191.66666666667 -0.0135493404115468 -0.0215839541610255 -0.0154166880420682 0.0106402566896068 0.0098701101378638 0.0085545213290393 -0.0168455332744731 0.00552472328001769
tttttagttttgtctttgagagatcca FLVLSLRDP 1 0 1 NA FALSE FALSE FALSE 1075 1066 785 2624 2624 2624 975.333333333333 0.00843215640285087 -0.0148880362056299 0.00857919797945743 0.011291304960281 0.0103154516893956 0.00936749726935028 0.000837810251061146 0.00590927330581928
tttttggttttatctttgagagatcca FLVLSLRDP 1 0 1 NA FALSE FALSE FALSE 1222 1139 919 3177 3177 3177 1093.33333333333 0.0222490310853706 0.0118466757352149 0.0158159502273814 0.0108139714841279 0.0100079283921211 0.00870888453927698 0.0163008453903968 0.00561476619404085
tttttggttttgtctttgagagatcca FLVLSLRDP 2 0 2 NA FALSE FALSE FALSE 84 72 39 196 196 196 65 -0.001444019470839 0.00664129767291342 0.0963154038668911 0.0328125101342674 0.0316916408075295 0.0382347716967234 0.0272781727929991 0.0195796389456029
