nt_seq aa_seq Nham_nt Nham_aa Nmut_codons WT indel STOP STOP_readthrough count_e1_s0 count_e2_s0 count_e3_s0 count_e1_s1 count_e2_s1 count_e3_s1 mean_count fitness1_uncorr fitness2_uncorr fitness3_uncorr sigma1_uncorr sigma2_uncorr sigma3_uncorr fitness sigma
gattgggtgagaaggtatacactc DWVRRYTL 2 0 1 NA FALSE FALSE FALSE 1239 916 886 3220 3220 3220 1013.66666666667 -0.0138849714501207 -0.0150504794884378 -0.0111083365185405 0.0113879423860527 0.0197105982642131 0.0105893401065155 -0.012751712541383 0.007216348086978
gattgggtgagacgttatacactc DWVRRYTL 0 0 0 TRUE FALSE FALSE FALSE 4158 3244 3047 11767 11767 11767 3483 0.00735332316193262 -0.00740144393152844 0.00350699169756051 0.00884547914613337 0.0179982199350164 0.00711079561019765 0.00394139920743224 0.00529664633043242
gattgggtgagacgttatacactg DWVRRYTL 1 0 1 NA FALSE FALSE FALSE 1819 1358 1217 4765 4765 4765 1464.66666666667 -0.0119069700664046 -0.0154980767283797 0.00682066787145837 0.0103164653448785 0.0189557260371156 0.00936327166490665 -0.00327365025792168 0.00651148318108967
gattgggtgagacgttatacactt DWVRRYTL 1 0 1 NA FALSE FALSE FALSE 161 125 132 557 557 557 139.333333333333 0.0574388618059663 0.0427669599823892 0.0248376598452024 0.0240601540995741 0.030450574079729 0.0242508661296615 0.0416259450599847 0.0148967101640541
gattgggtgagacgttatacattg DWVRRYTL 2 0 1 NA FALSE FALSE FALSE 2616 2025 1925 7793 7793 7793 2188.66666666667 0.0201466140552118 0.00702402806272732 0.0148577036866314 0.00950257980184236 0.0184015448115639 0.0080400678754149 0.0160590645878187 0.00582250535781054
gattgggtgagacgttatacgctc DWVRRYTL 1 0 1 NA FALSE FALSE FALSE 1140 953 840 3149 3149 3149 977.666666666667 0.001317976116067 -0.0301417347183861 -0.003642360414369 0.0116081721419352 0.0196515076621901 0.0107825433515196 -0.00535135326217217 0.00733003216069455
gattgggtgaggcgttatacactc DWVRRYTL 1 0 1 NA FALSE FALSE FALSE 3426 2566 2462 9406 9406 9406 2818 -0.000203391626767195 -0.00483946410770679 0.000915268020836257 0.00910835845092265 0.0181802150486054 0.00751817666925303 -2.74855059816823e-05 0.00552400741340657
gattgggtgcggcgttatacactc DWVRRYTL 2 0 1 NA FALSE FALSE FALSE 150 102 121 351 351 351 124.333333333333 -0.0400441035233734 -0.0202455282710373 -0.0653663633136274 0.0259704817001013 0.0332925590722158 0.0263184335481927 -0.0449272855694873 0.0161615006946224
gattgggtgcgtcgttatacactc DWVRRYTL 2 0 1 NA FALSE FALSE FALSE 932 647 643 2504 2504 2504 740.666666666667 -0.00559909011229231 0.00839972230974355 0.0055188269107827 0.012359763246332 0.0205759954131581 0.011960709058126 0.00136905586638185 0.00793096694152499
gattgggttagaagatatactttg DWVRRYTL 6 0 4 NA FALSE FALSE FALSE 481 231 328 1132 1132 1132 346.666666666667 -0.0386172835755884 0.0659474675499486 -0.0235502585565669 0.0157890536582013 0.0251691989789703 0.0161780494448012 -0.0149600929344158 0.0103083872952512
