nt_seq aa_seq Nham_nt Nham_aa Nmut_codons WT indel STOP STOP_readthrough count_e1_s0 count_e2_s0 count_e3_s0 count_e1_s1 count_e2_s1 count_e3_s1 mean_count fitness1_uncorr fitness2_uncorr fitness3_uncorr sigma1_uncorr sigma2_uncorr sigma3_uncorr fitness sigma
ctaatactgtcactaagagatcca LILSLRDP 0 0 0 TRUE FALSE FALSE FALSE 1445 1990 1557 637 637 637 1664 0.301452921332536 0.295143878130929 0.291900074691589 0.0138149752134728 0.0149185487408593 0.0122443914791624 0.295840154644413 0.00780803968750916
ctaatactgtcactaagagatcct LILSLRDP 1 0 1 NA FALSE FALSE FALSE 930 1203 840 89 89 89 991 -0.0701991421727927 -0.0601984460495428 -0.0341272696212623 0.0280341935938725 0.0286054406099529 0.0275993619166701 -0.0545509751120762 0.016206584038731
ctaatactgtcactaagggatcca LILSLRDP 1 0 1 NA FALSE FALSE FALSE 1386 1931 1363 108 108 108 1560 -0.120199793018401 -0.128055401930175 -0.104241874133819 0.0254526166026441 0.0260307817038535 0.0246738267200032 -0.117064013698465 0.0146458628689023
ctaatactgtcactacgggatcca LILSLRDP 2 0 1 NA FALSE FALSE FALSE 18 16 19 2 2 2 17.6666666666667 -0.0338664833403128 0.0670362511967804 -0.0357021879508784 0.18156091652907 0.185443504118324 0.183334160864286 -0.00157274197038164 0.105900833240124
ctaatactgtcactacgtgatcca LILSLRDP 2 0 1 NA FALSE FALSE FALSE 150 161 147 16 16 16 152.666666666667 -0.0437990808105746 0.0113935862769617 -0.0276305464198371 0.0644487977796188 0.0652383774525183 0.0649974208731342 -0.0202240808960559 0.0374656068610252
ctaatactgtcactgagagatcca LILSLRDP 1 0 1 NA FALSE FALSE FALSE 832 1054 752 84 84 84 879.333333333333 -0.0571738718575862 -0.0421485822973042 -0.0213744956154714 0.0288625893159179 0.0294405343506648 0.0284997676784099 -0.0400455916921088 0.0167007538323277
ctaatactgtcacttagagatcca LILSLRDP 1 0 1 NA FALSE FALSE FALSE 180 224 198 18 18 18 200.666666666667 -0.0595022613954285 -0.0401456480304281 -0.0710804773391741 0.0606332422711795 0.0609294172006531 0.0606260083386553 -0.0569649579274785 0.0350619411555161
ctaatactgtcattgagagatcca LILSLRDP 2 0 1 NA FALSE FALSE FALSE 368 491 443 29 29 29 434 -0.117460348972402 -0.114831194280741 -0.150324680679624 0.0475385384045474 0.047777605522507 0.0470403085920806 -0.127742003349414 0.0273947844894847
ctaatactgtcgctaagagatcca LILSLRDP 1 0 1 NA FALSE FALSE FALSE 2435 3418 2546 230 230 230 2799.66666666667 -0.0733803646546533 -0.0831940778840154 -0.0726018036314632 0.0184002372690083 0.0192472274013175 0.0171144757597731 -0.0760088740290518 0.0105018724720045
ctaatactttcactaagagatcca LILSLRDP 1 0 1 NA FALSE FALSE FALSE 287 341 296 21 21 21 308 -0.135507661006269 -0.104693999015542 -0.130913675781625 0.055527067412548 0.0559165507905918 0.0554488353210634 -0.123800220678683 0.0321178183014593
ctaatattgtcactaagagatcca LILSLRDP 1 0 1 NA FALSE FALSE FALSE 1015 1311 1135 94 94 94 1153.66666666667 -0.0781800864795146 -0.0677945893179704 -0.0935709497163873 0.0272978748278135 0.0278881948499697 0.0264889295118588 -0.0802974755281931 0.0157078395505603
ctaattctgtcactaagagatcca LILSLRDP 1 0 1 NA FALSE FALSE FALSE 1768 2289 1808 145 145 145 1955 -0.107748045632104 -0.0978474168023965 -0.101329290090304 0.0223311458749957 0.0230638737232575 0.0213423398383442 -0.102369630880307 0.0128240877609121
ctgatactgtcactaagagatcca LILSLRDP 1 0 1 NA FALSE FALSE FALSE 1386 1975 1434 125 125 125 1598.33333333333 -0.0846314174930239 -0.0980592812490236 -0.0812192810053082 0.0239433681619195 0.02454365631514 0.0230635406713089 -0.0876358159291383 0.0137563917123048
cttatactgtcactaagagatcca LILSLRDP 1 0 1 NA FALSE FALSE FALSE 1226 1620 1323 131 131 131 1389.66666666667 -0.0433777133697904 -0.0386197439571713 -0.0504632344676286 0.0236050155627729 0.0242746697919086 0.0226965588101084 -0.044423221697221 0.0135669021276799
ttgattttgtctttgagagatcca LILSLRDP 7 0 5 NA FALSE FALSE FALSE 429 637 504 35 35 35 523.333333333333 -0.109022615597062 -0.132363595666053 -0.136075788846753 0.0434390618615033 0.0435665402106074 0.0429377480987368 -0.125887814612952 0.0250061293383564
