nt_seq aa_seq Nham_nt Nham_aa Nmut_codons WT indel STOP STOP_readthrough count_e1_s0 count_e2_s0 count_e3_s0 count_e1_s1 count_e2_s1 count_e3_s1 mean_count fitness1_uncorr fitness2_uncorr fitness3_uncorr sigma1_uncorr sigma2_uncorr sigma3_uncorr fitness sigma
ctaatactgtcactaagagatcca LILSLRDP 0 0 0 TRUE FALSE FALSE FALSE 42139 43095 29643 4234 4234 4234 38292.3333333333 0.157217192280022 0.155861656011455 0.16013511744449 0.0108145707160117 0.00976169546674918 0.010798658168181 0.157608120572255 0.0060171102986738
ctaatactgtcactaagggatcca LILSLRDP 1 0 1 NA FALSE FALSE FALSE 37 13 10 13 13 13 20 0.452768680172617 0.703638586225601 0.682355455347271 0.108491269456672 0.172454584977421 0.111196046198357 0.588151498544694 0.0708064031741551
ctaatactgtcactgagagatcca LILSLRDP 1 0 1 NA FALSE FALSE FALSE 1852 2052 2315 20 20 20 2073 -0.369373345473051 -0.389629580530902 -0.503233948947411 0.0550616590499687 0.0549737400106011 0.0540973299161079 -0.421689121975343 0.031584336485851
ctaatactgtcgctaagagatcca LILSLRDP 1 0 1 NA FALSE FALSE FALSE 47 41 43 103 103 103 43.6666666666667 0.884943719703506 0.921109280194784 0.826874726821097 0.0803277403825872 0.0930725156425095 0.0499610174825453 0.856497077605404 0.0386033566272729
ctaatattgagtctaagagatcca LILSLRDP 4 0 2 NA FALSE FALSE FALSE 54144 55317 39233 2378 2378 2378 49564.6666666667 -0.0381618790927884 -0.0392763471204859 -0.0425581812253173 0.0112156973018868 0.0101918451459269 0.0112358772016097 -0.0399484102968629 0.00626251003786583
ctaatattgtcactaagagatcca LILSLRDP 1 0 1 NA FALSE FALSE FALSE 27 17 28 11 11 11 24 0.487716406364911 0.600866820805862 0.399383600636785 0.123633626677238 0.15668018902025 0.0895665023132787 0.45998014958526 0.0658218792094667
ctaattctgtcactaagagatcca LILSLRDP 1 0 1 NA FALSE FALSE FALSE 165 267 167 14 14 14 199.666666666667 0.117303383323303 0.0076168778253233 0.0341327316232028 0.0757282630390543 0.0727417619220442 0.0675692510296713 0.0504305719232652 0.0414374099054191
cttatactgtcactaagagatcca LILSLRDP 1 0 1 NA FALSE FALSE FALSE 53 17 16 14 14 14 28.6666666666667 0.385420144934616 0.657801397998378 0.588739838233249 0.0960964379840079 0.153176015886575 0.0952327855557648 0.515707893113345 0.0618780539566132
ttgatactgtcactaagagatcca LILSLRDP 2 0 1 NA FALSE FALSE FALSE 15 14 28 5 5 5 19 0.44034000664571 0.460561599073662 0.212940731066639 0.171646459025743 0.186514847685881 0.118795605122256 0.32403507132572 0.0865332810209052
ttgatactgtcacttagagatcca LILSLRDP 3 0 2 NA FALSE FALSE FALSE 15963 16063 10605 722 722 722 14210.3333333333 -0.0312246776775744 -0.0287536336130269 -0.0150802648658016 0.0138428466555945 0.0131228207026324 0.0136225858516751 -0.0250503643710462 0.00780532865605656
ttgatactgtcattgagagatcca LILSLRDP 4 0 2 NA FALSE FALSE FALSE 11451 12229 7635 418 418 418 10438.3333333333 -0.081829972905301 -0.0934018734620696 -0.066620509105456 0.0159535329330316 0.0153229269028978 0.0156439432359278 -0.0807821298621209 0.00902616343640059
ttgatactttcactaagagatcca LILSLRDP 3 0 2 NA FALSE FALSE FALSE 23486 23058 16700 858 858 858 21081.3333333333 -0.0816422267291428 -0.0733535783978933 -0.081646255673099 0.0131872727595727 0.0123992318723475 0.0130604691822458 -0.0786677409134849 0.00742940493996744
ttgatattgtcactaagagatcca LILSLRDP 3 0 2 NA FALSE FALSE FALSE 105406 107444 70640 4270 4270 4270 94496.6666666667 -0.0572423097247752 -0.0578173408834958 -0.0432023833733886 0.0106278710408014 0.00951812266643861 0.0107209868757803 -0.0531920777120071 0.00591397707579663
