nt_seq aa_seq Nham_nt Nham_aa Nmut_codons WT indel STOP STOP_readthrough count_e1_s0 count_e2_s0 count_e3_s0 count_e1_s1 count_e2_s1 count_e3_s1 mean_count fitness1_uncorr fitness2_uncorr fitness3_uncorr sigma1_uncorr sigma2_uncorr sigma3_uncorr fitness sigma
tttctggttttatctttgagagatcca FLVLSLRDP 2 0 1 NA FALSE FALSE FALSE 325 283 265 618 618 618 291 -0.0133746847820326 0.00805844542473289 -0.0329958495008101 0.0227433771679583 0.0221414754084187 0.0173226109843737 -0.0163407429595781 0.0116996440588281
tttcttgttttatctttgagagatcca FLVLSLRDP 2 0 1 NA FALSE FALSE FALSE 1548 1460 1181 3309 3309 3309 1396.33333333333 0.0126681475181309 0.0168234923038643 0.0121416505355611 0.0162713766571913 0.0164826477989033 0.00823659718932468 0.0130075656800968 0.0067118472156552
tttttagtgttatctttgagagatcca FLVLSLRDP 1 0 1 NA FALSE FALSE FALSE 205 233 185 487 487 487 207.666666666667 0.0361634049817226 -0.00227431359769244 -0.00319954139470173 0.0260310205514738 0.023513512760672 0.0203277301173784 0.00727709742960152 0.0132401004778009
tttttagttctgtctttgagagatcca FLVLSLRDP 2 0 1 NA FALSE FALSE FALSE 1452 1275 1049 2778 2778 2778 1258.66666666667 -0.0120113181929323 0.00752631405556643 -0.00172740126530029 0.0164593447180703 0.0167309653505422 0.00876558039363499 -0.00196917587655388 0.00702234730105364
tttttagttctttctttgagagatcca FLVLSLRDP 2 0 1 NA FALSE FALSE FALSE 1328 1276 1059 2691 2691 2691 1221 0.000774193379985189 -0.000162050198577826 -0.0118864847301208 0.0166265425030991 0.0167482455601886 0.00877380692187396 -0.00754418944292905 0.00704070839314375
tttttagttttatcgttgagagatcca FLVLSLRDP 1 0 1 NA FALSE FALSE FALSE 1365 1248 1023 2779 2779 2779 1212 0.00181972172588176 0.0126587045016014 0.00453383700974759 0.0165615878090572 0.0167573550332022 0.00884050138898538 0.00548566492445351 0.00707068929421737
tttttagttttatctctgagagatcca FLVLSLRDP 1 0 1 NA FALSE FALSE FALSE 801 630 580 1521 1521 1521 670.333333333333 -0.0136864648354638 0.0317260111327065 -0.00413736138515458 0.018132225616335 0.0183761083112564 0.0116323660236247 0.00162377825703955 0.00864085370381662
tttttagttttatctcttagagatcca FLVLSLRDP 2 0 1 NA FALSE FALSE FALSE 1621 1554 1145 2849 2849 2849 1440 -0.0308981035874711 -0.0331882123204877 -0.0170573541124202 0.0162767519201561 0.016494366585175 0.00848348571352269 -0.0222826340079744 0.00684467390237972
tttttagttttatctttgagagatcca FLVLSLRDP 0 0 0 TRUE FALSE FALSE FALSE 5266 4684 3879 10361 10361 10361 4609.66666666667 -0.00578244498320338 0.0110898810730933 0.000382191491326725 0.0148129400920167 0.0153668501220348 0.00493423235540166 0.000728119717436743 0.00447815900025645
tttttagttttatctttgagagatccg FLVLSLRDP 1 0 1 NA FALSE FALSE FALSE 1786 1668 1346 3667 3667 3667 1600 0.00370222065694455 0.00964011080014997 0.00524339053000274 0.016020697609039 0.0162986697841147 0.00778107646388383 0.00567960223228072 0.0064312788534316
tttttagttttatctttgagagatcct FLVLSLRDP 1 0 1 NA FALSE FALSE FALSE 1107 1135 841 2296 2296 2296 1027.66666666667 0.00595431951733161 -0.00998330358968492 0.00575875607513347 0.0170643724787128 0.0169990773422409 0.0096890095657035 0.00269241016859799 0.00754916289165524
tttttagttttatctttgcgggatcca FLVLSLRDP 2 0 1 NA FALSE FALSE FALSE 474 459 428 1047 1047 1047 453.666666666667 0.0199666661008069 0.0183385101443411 -0.0212390316969387 0.0202457120228948 0.0196045472550294 0.0136058558225442 -0.00175273799502078 0.00978537200773344
tttttagttttatctttgcgtgatcca FLVLSLRDP 2 0 1 NA FALSE FALSE FALSE 1342 1242 991 2467 2467 2467 1191.66666666667 -0.0209017290376754 -0.014288467161404 -0.016939259645864 0.0166585644511095 0.0168345044439421 0.00907596583523844 -0.0171948252972035 0.0072033931153344
tttttagttttgtctttgagagatcca FLVLSLRDP 1 0 1 NA FALSE FALSE FALSE 1075 1066 785 2193 2193 2193 975.333333333333 0.00226773840445472 -0.00601646404300278 0.0114179632180438 0.0171545372933026 0.0171182730708727 0.00998196145845029 0.00604071806327411 0.00770442570814409
tttttggttttatctttgagagatcca FLVLSLRDP 1 0 1 NA FALSE FALSE FALSE 1222 1139 919 2553 2553 2553 1093.33333333333 0.00757126208941734 0.014207955561746 0.0100397453349794 0.0168068512087831 0.016926464083345 0.00927108649717286 0.0103510024273837 0.00731961786303002
tttttggttttgtctttgagagatcca FLVLSLRDP 2 0 2 NA FALSE FALSE FALSE 84 72 39 140 140 140 65 -0.0427154454437091 -0.0193123169919431 0.0730862214900531 0.0383558320980318 0.0363823284427163 0.0424194269989002 -0.00151091057268166 0.0224114843115406
