nt_seq aa_seq Nham_nt Nham_aa Nmut_codons WT indel STOP STOP_readthrough count_e1_s0 count_e2_s0 count_e3_s0 count_e1_s1 count_e2_s1 count_e3_s1 mean_count fitness1_uncorr fitness2_uncorr fitness3_uncorr sigma1_uncorr sigma2_uncorr sigma3_uncorr fitness sigma
gattgggtgagacggtatacactc DWVRRYTL 1 0 1 NA FALSE FALSE FALSE 1022 384 667 1393 1393 1393 691 0.185863589255429 0.181360796232078 0.203014306513296 0.0238003333214804 0.0179329721833535 0.0126440676634576 0.194244261650675 0.00947882878544908
gattgggtgagacgttatacactc DWVRRYTL 0 0 0 TRUE FALSE FALSE FALSE 5748 127590 4194 8639 8639 8639 45844 0.210256958646731 -0.624341688106704 0.199184572610373 0.0218757947253981 0.0113936074592473 0.00554742782085245 0.0497155157637493 0.00486285812280911
gattgggtgagacgttatacactg DWVRRYTL 1 0 1 NA FALSE FALSE FALSE 1837 631 1357 2866 2866 2866 1275 0.219578532800866 0.226855006581725 0.206128516397718 0.0227217521599795 0.015413718566188 0.00902640630438343 0.212279096538769 0.00736818399533886
gattgggtgagacgttatacactt DWVRRYTL 1 0 1 NA FALSE FALSE FALSE 1723 674 1279 2568 2568 2568 1225.33333333333 0.208166844534626 0.191293706614578 0.192081255203059 0.022826662313758 0.0153074204944435 0.00934859548109452 0.193641752449966 0.00753157297797981
gattgggtgagacgttatacattg DWVRRYTL 2 0 1 NA FALSE FALSE FALSE 2139 881 1490 3296 3296 3296 1503.33333333333 0.216480628578434 0.187601197882295 0.218981978481401 0.0225527757593268 0.0144301078935819 0.008588548383614 0.211325463127716 0.00701423640270569
gattgggtgagacgttatacgctc DWVRRYTL 1 0 1 NA FALSE FALSE FALSE 1507 522 1016 2264 2264 2264 1015 0.210151478441055 0.217515931717962 0.221016184370809 0.0230114083683162 0.0162197432831472 0.0102491512520942 0.218792369635105 0.008108582901563
gattgggtgcggcgttatacactc DWVRRYTL 2 0 1 NA FALSE FALSE FALSE 636 248 447 931 931 931 443.666666666667 0.203674429279805 0.1882940035596 0.202257899979575 0.0250169716871196 0.0207056373842668 0.0153523149798824 0.19854971351514 0.0110612884416825
gattgggtgcgtcgttatacactc DWVRRYTL 2 0 1 NA FALSE FALSE FALSE 479 158 339 663 663 663 325.333333333333 0.189701218459399 0.21082906630491 0.184786093058409 0.0261759337978667 0.0243291291877606 0.0177530782124697 0.192880613436395 0.0125770738944419
gattgggttagaagatatactttg DWVRRYTL 6 0 4 NA FALSE FALSE FALSE 1430 403 853 1814 1814 1814 895.333333333333 0.167934001661642 0.225030805176806 0.208041334834407 0.0232075133960434 0.0174196178328547 0.0112103510081518 0.206631779550009 0.00873389450942096
gattgggttagacgttatacactc DWVRRYTL 1 0 1 NA FALSE FALSE FALSE 1254 486 896 1697 1697 1697 878.666666666667 0.184072919314297 0.173637153603292 0.175873840953291 0.0233902698685077 0.0167660080743105 0.0111537876865029 0.176397506062002 0.00863115041794806
