nt_seq aa_seq Nham_nt Nham_aa Nmut_codons WT indel STOP STOP_readthrough count_e1_s0 count_e2_s0 count_e3_s0 count_e1_s1 count_e2_s1 count_e3_s1 mean_count fitness1_uncorr fitness2_uncorr fitness3_uncorr sigma1_uncorr sigma2_uncorr sigma3_uncorr fitness sigma
gattgggtgagaaggtatacactc DWVRRYTL 2 0 1 NA FALSE FALSE FALSE 1239 916 886 3792 3792 3792 1013.66666666667 -0.0156541542146399 -0.0116331303910612 -0.0109757383186639 0.0201395571013798 0.0153673650674506 0.0143658039660982 -0.0122158969030043 0.00930666320257049
gattgggtgagacgttatacactc DWVRRYTL 0 0 0 TRUE FALSE FALSE FALSE 4158 3244 3047 13602 13602 13602 3483 -0.0011608969327585 -0.00955405510103896 0.000209557645337646 0.0111331272111398 0.00837034516898753 0.0079489723368889 -0.00373132097491981 0.00511864443425917
gattgggtgagacgttatacactg DWVRRYTL 1 0 1 NA FALSE FALSE FALSE 1819 1358 1217 5678 5678 5678 1464.66666666667 -0.0113616579883874 -0.0100135166006835 0.0119321085846517 0.0166618464206181 0.0126616806451772 0.0122726218127238 -0.0014663803171198 0.00778994215135303
gattgggtgagacgttatacactt DWVRRYTL 1 0 1 NA FALSE FALSE FALSE 161 125 132 646 646 646 139.333333333333 0.0432833293766882 0.0244662840105768 0.0246201727507553 0.0553791553530589 0.039386923280149 0.036678789763247 0.0281127622485332 0.0241544081906291
gattgggtgagacgttatacattg DWVRRYTL 2 0 1 NA FALSE FALSE FALSE 2616 2025 1925 9479 9479 9479 2188.66666666667 0.0210924464622685 0.00836104997096435 0.0262544664421727 0.0139167808311021 0.0102191800277057 0.00982983253198647 0.0183625315487301 0.00631343997597716
gattgggtgagacgttatacgctc DWVRRYTL 1 0 1 NA FALSE FALSE FALSE 1140 953 840 3923 3923 3923 977.666666666667 0.00986150114919885 -0.0125501178610785 0.0121975692346222 0.0209502238394471 0.015090870413368 0.0146994944827678 0.00210755976848846 0.00940826525624693
gattgggtgaggcgttatacactc DWVRRYTL 1 0 1 NA FALSE FALSE FALSE 3426 2566 2462 10984 10984 10984 2818 -0.00554332213705783 -0.00618878044959298 5.19237461896415e-05 0.0122271382173297 0.00929916572467356 0.00877938407174216 -0.00345767532588191 0.00565894812594472
gattgggtgcggcgttatacactc DWVRRYTL 2 0 1 NA FALSE FALSE FALSE 150 102 121 458 458 458 124.333333333333 -0.0161667096955658 0.00158992566410877 -0.0435946352831447 0.0575858154928028 0.044820564186637 0.0386754690197558 -0.0226370035619272 0.0261007836628785
gattgggtgcgtcgttatacactc DWVRRYTL 2 0 1 NA FALSE FALSE FALSE 932 647 643 2784 2784 2784 740.666666666667 -0.0209379002709276 -0.00534162018886444 -0.00790447038773767 0.0231960014097105 0.0180773019629165 0.0168029080664616 -0.00984061538954579 0.0108718226518098
gattgggttagaagatatactttg DWVRRYTL 6 0 4 NA FALSE FALSE FALSE 481 231 328 1415 1415 1415 346.666666666667 -0.0242663705159136 0.052125225637366 -0.00886776969561857 0.0322275867415785 0.0281434052401223 0.0234325469333042 0.00649838134653442 0.0157201283017491
